sclass	DAF_1	MAF_1	DDAF_1	FST_1	ThetaPi_1	ThetaS_1	ThetaH_1	ThetaL_1	ThetaXi_1	TajD_1	FuLiF_1	FuLiD_1	FayWuH_1	ZengE_1	Theta1Pi_1	Theta1S_1	Theta1H_1	Theta1L_1	Theta1Xi_1	TajD1_1	FuLiF1_1	FuLiD1_1	FayWuH1_1	ZengE1_1	ZA_1	H1_1	H2_1	H12_1	H2.H1_1	iHH1_1	iHH0_1	SL1_1	SL0_1	iHS_1	DiHH_1	nSL_1	DnSL_1	XPEHH_12	XPEHH_13	DXPEHH_12	DXPEHH_13
ne	0	0	-0.0125	0.016807	13.158974	16.927065	6.225641	9.692308	28	-3.768091	-14.841026	-11.072935	6.933333	-7.234757	NA	NA	NA	NA	NA	NA	NA	NA	NA	NA	0.05731	0.06	0.0375	0.0825	0.625	NA	NA	NA	NA	NA	NA	NA	NA	-0.241655038096	-0.201689185215	0.00199806	0.0016583
ne	0	0	-0.0125	0.016807	14.024359	17.632359	8.180769	11.102564	29	-3.608001	-14.975641	-11.367641	5.84359	-6.529795	NA	NA	NA	NA	NA	NA	NA	NA	NA	NA	0.051571	0.06	0.0375	0.0825	0.625	NA	NA	NA	NA	NA	NA	NA	NA	-0.157337873275	-0.149460870975	0.00121499	0.00114951
ne	0	0	-0.0625	0.086957	13.803846	17.162163	8.503846	11.153846	23	-3.358317	-9.196154	-5.837837	5.3	-6.008317	NA	NA	NA	NA	NA	NA	NA	NA	NA	NA	0.057836	0.055	0.0325	0.07	0.590909	NA	NA	NA	NA	NA	NA	NA	NA	-0.191641927579	0.0619892230236	0.00147232	0.00040744
ne	0	0	-0.0125	0.016807	17.467949	23.509813	8.634615	13.051282	32	-6.041864	-14.532051	-8.490187	8.833333	-10.458531	NA	NA	NA	NA	NA	NA	NA	NA	NA	NA	0.128391	0.04375	0.03375	0.05875	0.771429	NA	NA	NA	NA	NA	NA	NA	NA	-0.317397710854	-0.463401747554	0.00175544	0.00280318
ne	0.05	0.05	0.05	0.033898	20.926923	24.215107	11.329487	16.128205	30	-3.288184	-9.073077	-5.784893	9.597436	-8.086902	NA	NA	NA	NA	NA	NA	NA	NA	NA	NA	0.151301	0.0375	0.0275	0.0475	0.733333	0.0187513	0.00535298	88	24.1088	1.25360966816	0.01339832	1.2947598954	63.8912	-0.423711103637	-0.413084102634	0.00262853	0.00255354
ne	0	0	-0.0125	0.016807	20.755128	24.920401	11.603846	16.179487	30	-4.165273	-9.244872	-5.079599	9.151282	-8.740914	NA	NA	NA	NA	NA	NA	NA	NA	NA	NA	0.119123	0.03625	0.02625	0.04625	0.724138	NA	NA	NA	NA	NA	NA	NA	NA	-0.557422422179	-0.482348676874	0.0038552	0.00320852
ne	0	0	-0.025	0.033898	19.635897	22.334322	11.441026	15.538462	23	-2.698425	-3.364103	-0.665678	8.194872	-6.79586	NA	NA	NA	NA	NA	NA	NA	NA	NA	NA	0.151726	0.0375	0.0275	0.0475	0.733333	NA	NA	NA	NA	NA	NA	NA	NA	-0.732674358741	-0.576587940403	0.00379883	0.00269901
ne	0	0	-0.0125	0.016807	21.524359	25.390598	16.270513	18.897436	32	-3.866239	-10.475641	-6.609402	5.253846	-6.493162	NA	NA	NA	NA	NA	NA	NA	NA	NA	NA	0.196171	0.0375	0.0275	0.0475	0.733333	NA	NA	NA	NA	NA	NA	NA	NA	-0.597946288631	-0.321554977172	0.00444032	0.00201243
ne	0.025	0.025	0.025	0.016807	17.785897	23.039616	14.573077	16.179487	34	-5.253719	-16.214103	-10.960384	3.212821	-6.860129	NA	NA	NA	NA	NA	NA	NA	NA	NA	NA	0.17526	0.0375	0.0275	0.0475	0.733333	NA	NA	NA	NA	NA	NA	NA	NA	-0.646797115472	-0.419161612285	0.00579394	0.00318864
ne	0.025	0.025	-0.2625	0.096354	18.384615	23.980009	14.538462	16.461538	36	-5.595394	-17.615385	-12.019991	3.846154	-7.51847	NA	NA	NA	NA	NA	NA	NA	NA	NA	NA	0.190604	0.0325	0.026875	0.04	0.826923	NA	NA	NA	NA	NA	NA	NA	NA	-0.815749276	-0.576284013107	0.00641887	0.00384502
ne	0	0	-0.2875	0.119229	17.641026	23.039616	14.461538	16.051282	36	-5.398591	-18.358974	-12.960384	3.179487	-6.988334	NA	NA	NA	NA	NA	NA	NA	NA	NA	NA	0.187677	0.03375	0.028125	0.04125	0.833333	NA	NA	NA	NA	NA	NA	NA	NA	-0.654028090519	-0.450596859569	0.00539637	0.00330426
ne	0.725	0.275	0	0	16.626923	23.274715	16.347436	16.487179	37	-6.647791	-20.373077	-13.725285	0.279487	-6.787535	8.827586	14.259628	12.3867	10.607143	22	-5.432042	-13.172414	-7.740372	-3.559113	-3.652486	0.154525	0.03375	0.028125	0.04125	0.833333	0.00786779	0.00755123	41.1552	38.9545	0.04106674588	0.00031656	0.054955987712	2.2007	-0.864733981469	-0.660617542404	0.00652175	0.00440384
ne	0	0	-0.0125	0.016807	16.242308	23.039616	16.219231	16.230769	37	-6.797309	-20.757692	-13.960384	0.023077	-6.808847	NA	NA	NA	NA	NA	NA	NA	NA	NA	NA	0.15584	0.03375	0.028125	0.04125	0.833333	NA	NA	NA	NA	NA	NA	NA	NA	-0.69948121255	-0.451005239786	0.00650421	0.00363724
ne	0.025	0.025	0.025	0.016807	16.401282	23.039616	17.291026	16.846154	35	-6.638334	-18.598718	-11.960384	-0.889744	-6.193463	NA	NA	NA	NA	NA	NA	NA	NA	NA	NA	0.166239	0.03375	0.028125	0.04125	0.833333	NA	NA	NA	NA	NA	NA	NA	NA	-0.492320188424	-0.270519063869	0.0044546	0.00210339
ne	0.025	0.025	0.025	0.016807	16.897436	22.804518	16.74359	16.820513	36	-5.907082	-19.102564	-13.195482	0.153846	-5.984005	NA	NA	NA	NA	NA	NA	NA	NA	NA	NA	0.151799	0.03125	0.02875	0.03625	0.92	NA	NA	NA	NA	NA	NA	NA	NA	-0.463906495201	-0.408465342822	0.00324423	0.00277377
ne	0.05	0.05	0.05	0.033898	19.261538	22.56942	18.584615	18.923077	32	-3.307882	-12.738462	-9.43058	0.676923	-3.646343	NA	NA	NA	NA	NA	NA	NA	NA	NA	NA	0.156293	0.0375	0.031875	0.045	0.85	NA	NA	200	21.463	NA	NA	2.23198684415	178.537	-0.668932142666	-0.608876002421	0.00407021	0.00350333
ne	0.375	0.375	0.2125	0.056677	15.916667	19.748243	9.262821	12.589744	33	-3.831576	-17.083333	-13.251757	6.653846	-7.158499	13.714286	11.994234	9.714286	11.714286	11	1.720052	2.714286	0.994234	4	-0.279948	0.11972	0.035	0.029375	0.0425	0.839286	0.0107903	0.00814741	42.5333	34.8167	0.28094749707	0.00264289	0.200190141813	7.7166	-0.545798487587	-0.380954765412	0.0030878	0.00187216
ne	0.025	0.025	0.025	0.016807	15.219231	19.513145	8.832051	12.025641	34	-4.293914	-18.780769	-14.486855	6.387179	-7.487503	NA	NA	NA	NA	NA	NA	NA	NA	NA	NA	0.114068	0.04125	0.03125	0.05625	0.757576	NA	NA	NA	NA	NA	NA	NA	NA	-0.45368373259	-0.502907210112	0.00386293	0.00439733
ne	0	0	-0.025	0.033898	13.05641	17.632359	7.866667	10.461538	30	-4.575949	-16.94359	-12.367641	5.189744	-7.170821	NA	NA	NA	NA	NA	NA	NA	NA	NA	NA	0.111574	0.04125	0.035625	0.0525	0.863636	NA	NA	NA	NA	NA	NA	NA	NA	-0.213121450977	-0.203802088568	0.00179127	0.00172356
ne	0.05	0.05	0.05	0.033898	11.6	17.867458	10.861538	11.230769	27	-6.267458	-15.4	-9.132542	0.738462	-6.636688	NA	NA	NA	NA	NA	NA	NA	NA	NA	NA	0.11744	0.045	0.039375	0.05625	0.875	0.0879759	0.00636553	200	24.7589	2.62616541692	0.08161037	2.08913234621	175.2411	-0.493603379912	-0.620080964786	0.00398292	0.00530097
ne	0	0	-0.025	0.008475	13.792308	19.278046	12.15641	12.974359	27	-5.485739	-13.207692	-7.721954	1.635897	-6.303687	NA	NA	NA	NA	NA	NA	NA	NA	NA	NA	0.134131	0.045	0.039375	0.05625	0.875	NA	NA	NA	NA	NA	NA	NA	NA	-0.37932796374	-0.528869096876	0.00304906	0.00455634
ne	0.35	0.35	0.0875	0.02084	14.011538	17.162163	14.757692	14.384615	27	-3.150625	-12.988462	-9.837837	-0.746154	-2.777548	7.681319	7.546852	10.010989	8.846154	7	0.134466	0.681319	0.546852	-2.32967	1.299301	0.168734	0.05875	0.03625	0.08875	0.617021	0.0211954	0.0122556	60.0385	45.9815	0.547801201612	0.0089398	0.266746881426	14.057	-0.135692300966	-0.239227248515	0.00099445	0.00172001
ne	0.025	0.025	0.025	0.016807	13.776923	17.867458	22.120513	17.948718	29	-4.090535	-15.223077	-11.132542	-8.34359	0.08126	NA	NA	NA	NA	NA	NA	NA	NA	NA	NA	0.135188	0.0475	0.0375	0.0625	0.789474	NA	NA	NA	NA	NA	NA	NA	NA	-0.470340017998	-0.474309156183	0.00433743	0.0042777
ne	0	0	-0.025	0.008475	15.910256	22.804518	30.551282	23.230769	37	-6.894262	-21.089744	-14.195482	-14.641026	0.426251	NA	NA	NA	NA	NA	NA	NA	NA	NA	NA	0.19619	0.04375	0.038125	0.055	0.871429	NA	NA	NA	NA	NA	NA	NA	NA	-0.288260664163	-0.235685695692	0.00202336	0.00159957
ne	0.975	0.025	0.2	0.069828	22.046154	24.920401	36.825641	29.435897	37	-2.874248	-14.953846	-12.079599	-14.779487	4.515496	21.500675	22.942821	31.446694	26.473684	31	-1.442146	-9.499325	-8.057179	-9.946019	3.530863	0.223753	0.045	0.039375	0.05625	0.875	NA	NA	NA	NA	NA	NA	NA	NA	-0.198942945109	-0.0132725246462	0.00139923	8.166e-05
ne	0.5	0.5	-0.1	0.010747	20.908974	23.509813	28.475641	24.692308	34	-2.600838	-13.091026	-10.490187	-7.566667	1.182495	13.768421	16.066568	21.178947	17.473684	22	-2.298147	-8.231579	-5.933432	-7.410526	1.407116	0.195728	0.04875	0.043125	0.06	0.884615	0.0143112	0.00987019	61.2368	37.6947	0.371523343981	0.00444101	0.485228814978	23.5421	-0.435575574384	-0.355789500938	0.00280649	0.00206206
ne	0.225	0.225	0.0125	0.005728	21.485897	22.099224	18.565385	20.025641	26	-0.613326	-4.514103	-3.900776	2.920513	-2.073583	5.555556	4.415243	5.444444	5.5	2	1.140312	3.555556	2.415243	0.111111	1.084757	0.139243	0.0425	0.036875	0.05375	0.867647	NA	NA	103.694	23.6108	NA	NA	1.47974001988	80.0832	-0.389102715128	-0.0600969250691	0.0019244	0.00021092
ne	0.025	0.025	0.025	0.016807	19.465385	22.56942	15.765385	17.615385	24	-3.104036	-4.534615	-1.43058	3.7	-4.954036	NA	NA	NA	NA	NA	NA	NA	NA	NA	NA	0.119663	0.03875	0.033125	0.05	0.854839	NA	NA	NA	NA	NA	NA	NA	NA	-0.488632957325	-0.496847080198	0.00159386	0.0016224
ne	0	0	-0.0125	0.016807	20.370513	23.039616	16.911538	18.641026	24	-2.669104	-3.629487	-0.960384	3.458974	-4.398591	NA	NA	NA	NA	NA	NA	NA	NA	NA	NA	0.11481	0.03875	0.033125	0.05	0.854839	NA	NA	NA	NA	NA	NA	NA	NA	-0.447490041438	-0.612905333378	0.00170487	0.00262291
ne	0.025	0.025	0.025	0.016807	20.196154	23.039616	15.137179	17.666667	25	-2.843463	-4.803846	-1.960384	5.058974	-5.37295	NA	NA	NA	NA	NA	NA	NA	NA	NA	NA	0.115986	0.03875	0.033125	0.05	0.854839	NA	NA	NA	NA	NA	NA	NA	NA	-0.475293800434	-0.612053842545	0.00184223	0.00263965
ne	0.325	0.325	0.325	0.242991	20.196154	23.039616	15.137179	17.666667	25	-2.843463	-4.803846	-1.960384	5.058974	-5.37295	7.615385	10.956394	19.051282	13.333333	15	-3.34101	-7.384615	-4.043606	-11.435897	2.376939	0.115986	0.03875	0.033125	0.05	0.854839	NA	NA	73.2628	24.2236	NA	NA	1.10672561209	49.0392	-0.58711953957	-0.705936721287	0.00219459	0.00291984
ne	0.125	0.125	-0.05	0.004169	19.825641	21.864126	14.94359	17.384615	29	-2.038485	-9.174359	-7.135874	4.882051	-4.47951	10	9.12	9.5	9.75	7	0.88	3	2.12	0.5	0.63	0.105634	0.04125	0.03125	0.05625	0.757576	NA	NA	81.8	29.4445	NA	NA	1.02177010817	52.3555	0.0448283417771	0.153147925155	0.00018386	0.00059398
ne	0	0	-0.0125	0.016807	19.875641	22.099224	14.944872	17.410256	30	-2.223583	-10.124359	-7.900776	4.930769	-4.688967	NA	NA	NA	NA	NA	NA	NA	NA	NA	NA	0.104505	0.04125	0.03125	0.05625	0.757576	NA	NA	NA	NA	NA	NA	NA	NA	0.106675891325	0.210394108076	0.0004296	0.00079884
ne	0	0	-0.0125	0.016807	19.846154	22.099224	15.025641	17.435897	29	-2.25307	-9.153846	-6.900776	4.820513	-4.663326	NA	NA	NA	NA	NA	NA	NA	NA	NA	NA	0.114934	0.04125	0.03125	0.05625	0.757576	NA	NA	NA	NA	NA	NA	NA	NA	-0.0507115018619	0.0381321968912	0.0002587	0.0001965
ne	0.025	0.025	0	0.017094	19.657692	21.864126	15.162821	17.410256	31	-2.206433	-11.342308	-9.135874	4.494872	-4.453869	NA	NA	NA	NA	NA	NA	NA	NA	NA	NA	0.117667	0.05625	0.025625	0.07375	0.455556	NA	NA	NA	NA	NA	NA	NA	NA	-0.163674227788	-0.16558643822	0.00100348	0.00117806
ne	0	0	-0.1875	0.186667	17.95641	20.688635	11.069231	14.512821	33	-2.732225	-15.04359	-12.311365	6.887179	-6.175815	NA	NA	NA	NA	NA	NA	NA	NA	NA	NA	0.090269	0.0875	0.025	0.1125	0.285714	NA	NA	NA	NA	NA	NA	NA	NA	-0.0040630804357	-0.0909920213309	1.735e-05	0.00047876
ne	0.175	0.175	-0.1375	0.064631	18.147436	20.453537	11.032051	14.589744	29	-2.306101	-10.852564	-8.546463	7.115385	-5.863793	10.285714	10.612245	9.714286	10	14	-0.326531	-3.714286	-3.387755	0.571429	-0.612245	0.085603	0.08875	0.02625	0.11375	0.295775	0.0139191	0.0112474	41.4286	39.8703	0.213125006815	0.0026717	0.0383397777607	1.5583	0.0271452227017	0.105689439221	0.00014316	0.0006052
ne	0.025	0.025	0.025	0.016807	16.721795	19.748243	8.662821	12.692308	30	-3.026448	-13.278205	-10.251757	8.058974	-7.055935	NA	NA	NA	NA	NA	NA	NA	NA	NA	NA	0.082238	0.08875	0.02625	0.11375	0.295775	NA	NA	NA	NA	NA	NA	NA	NA	-0.131179326915	0.00717069149186	0.00096673	5.229e-05
ne	0	0	-0.0125	0.016807	17.701282	19.748243	9.221795	13.461538	28	-2.046961	-10.298718	-8.251757	8.479487	-6.286704	NA	NA	NA	NA	NA	NA	NA	NA	NA	NA	0.07457	0.07625	0.025625	0.09875	0.336066	NA	NA	NA	NA	NA	NA	NA	NA	-0.224310853263	-0.131569621644	0.0018666	0.00094081
ne	0.05	0.05	0.05	0.033898	15.461538	16.691967	7.717949	11.589744	19	-1.230429	-3.538462	-2.308033	7.74359	-5.102223	NA	NA	NA	NA	NA	NA	NA	NA	NA	NA	0.102947	0.05	0.04	0.065	0.8	NA	NA	200	24.1437	NA	NA	2.11429389005	175.8563	-0.517980218106	-0.281233492961	0.0030218	0.00139296
ne	0.1	0.1	-0.0625	0.014849	15.973077	19.513145	9.001282	12.487179	24	-3.540068	-8.026923	-4.486855	6.971795	-7.025965	6.5	7.090909	6.166667	6.333333	10	-0.590909	-3.5	-2.909091	0.333333	-0.757576	0.102135	0.04875	0.03875	0.06375	0.794872	NA	NA	116	29.1214	NA	NA	1.38211689201	86.8786	-0.168711499443	0.00731962353369	0.00095246	3.627e-05
ne	0.325	0.325	-0.1125	0.032986	16.369231	19.983341	9.169231	12.769231	24	-3.61411	-7.630769	-4.016659	7.2	-7.21411	10.230769	11.923135	8.935897	9.583333	12	-1.692366	-1.769231	-0.076865	1.294872	-2.339802	0.095127	0.04875	0.03875	0.06375	0.794872	0.019699	0.00628555	59.5128	30.4872	1.14231452488	0.01341345	0.66888449207	29.0256	-0.188699912993	-0.0203276744163	0.00079193	7.161e-05
ne	0.05	0.05	0.05	0.033898	17.208974	22.56942	11.765385	14.487179	27	-5.360446	-9.791026	-4.43058	5.44359	-8.082241	NA	NA	NA	NA	NA	NA	NA	NA	NA	NA	0.071703	0.045	0.035	0.06	0.777778	NA	NA	200	29.9765	NA	NA	1.89790362519	170.0235	-0.290734137995	-0.120531940392	0.00155584	0.00055108
ne	0.125	0.125	-0.175	0.04623	16.923077	22.56942	12.820513	14.871795	28	-5.646343	-11.076923	-5.43058	4.102564	-7.697625	6.4	5.28	5.6	6	1	1.12	5.4	4.28	0.8	0.72	0.084619	0.0425	0.0325	0.0575	0.764706	NA	NA	107.7	24.1857	NA	NA	1.49358803475	83.5143	-0.160805777512	-0.0474007115008	0.0007401	0.00019716
ne	0.025	0.025	0.025	0.016807	19.382051	23.744911	17.541026	18.461538	27	-4.36286	-7.617949	-3.255089	1.841026	-5.283372	NA	NA	NA	NA	NA	NA	NA	NA	NA	NA	0.101347	0.04375	0.03375	0.05875	0.771429	NA	NA	NA	NA	NA	NA	NA	NA	-0.330741293755	-0.21268492739	0.00184829	0.0011143
ne	0.05	0.05	0.05	0.033898	20.448718	23.744911	18.423077	19.435897	24	-3.296193	-3.551282	-0.255089	2.025641	-4.309013	NA	NA	NA	NA	NA	NA	NA	NA	NA	NA	0.130986	0.045	0.035	0.06	0.777778	0.00443644	0.00614052	18	31.0804	-0.325057176099	0.00170408	-0.546205637533	13.0804	-0.38960942604	-0.0949159218679	0.00275766	0.00054973
ne	0.075	0.075	0.0625	0.030172	19.569231	24.215107	19.097436	19.333333	25	-4.645876	-5.430769	-0.784893	0.471795	-4.881774	2.666667	2.666667	2.333333	2.5	3	0	-0.333333	-0.333333	0.333333	-0.166667	0.127818	0.04875	0.03875	0.06875	0.794872	0.0261024	0.00516123	75.5	25.2275	1.62085234094	0.02094117	1.0961979869	50.2725	-0.615296254784	-0.41520119337	0.00390516	0.00231816
ne	0.025	0.025	0.0125	0.008475	18.458974	22.334322	15.489744	16.974359	23	-3.875348	-4.541026	-0.665678	2.969231	-5.359963	NA	NA	NA	NA	NA	NA	NA	NA	NA	NA	0.124358	0.05125	0.04125	0.07125	0.804878	NA	NA	NA	NA	NA	NA	NA	NA	-0.339520400793	-0.22725161261	0.00222647	0.00130123
ne	0.1	0.1	0.025	0.023636	11.117949	16.456869	6.010256	8.564103	20	-5.33892	-8.882051	-3.543131	5.107692	-7.892766	0.5	0.545455	0.166667	0.333333	1	-0.045455	-0.5	-0.454545	0.333333	-0.212121	0.103508	0.0525	0.0425	0.0725	0.809524	0.0616719	0.00999029	148.583	37.9913	1.82021477641	0.05168161	1.36378653852	110.5917	-0.18023874614	0.105358027474	0.00162431	0.00080378
ne	0.05	0.05	0.05	0.033898	14.939744	19.042948	8.90641	11.923077	21	-4.103205	-6.060256	-1.957052	6.033333	-7.119871	NA	NA	NA	NA	NA	NA	NA	NA	NA	NA	0.105254	0.0475	0.0375	0.0675	0.789474	NA	NA	188.5	36.9623	NA	NA	1.62919953261	151.5377	0.0427952777079	0.265139693706	0.00036616	0.00199206
ne	0.025	0.025	0.025	0.016807	13.616667	12.930397	9.614103	11.615385	14	0.68627	-0.383333	-1.069603	4.002564	-1.315012	NA	NA	NA	NA	NA	NA	NA	NA	NA	NA	0.233886	0.0525	0.036875	0.07125	0.702381	NA	NA	NA	NA	NA	NA	NA	NA	-0.165859050551	-0.281795840371	0.0020706	0.0037479
ne	0.1	0.1	0.1	0.068966	10.616667	11.049612	5.742308	8.179487	15	-0.432945	-4.383333	-3.950388	4.874359	-2.870125	0.5	0.545455	0.166667	0.333333	1	-0.045455	-0.5	-0.454545	0.333333	-0.212121	0.200882	0.0525	0.036875	0.07125	0.702381	NA	NA	150.25	23.2294	NA	NA	1.86688185564	127.0206	-0.180740538709	-0.153237763994	0.00142309	0.00116641
ne	0.1	0.1	0.1	0.068966	11.565385	12.225103	7.562821	9.564103	16	-0.659718	-4.434615	-3.774897	4.002564	-2.661	2	2.181818	4.666667	3.333333	1	-0.181818	1	1.181818	-2.666667	1.151515	0.189182	0.06	0.0375	0.0825	0.625	NA	NA	114.5	35.9254	NA	NA	1.15913025678	78.5746	0.143295312971	0.413472414164	0.0016319	0.00367659
ne	0	0	-0.05	0.068966	12.014103	13.400593	8.139744	10.076923	19	-1.386491	-6.985897	-5.599407	3.874359	-3.32367	NA	NA	NA	NA	NA	NA	NA	NA	NA	NA	0.138478	0.0525	0.036875	0.07125	0.702381	NA	NA	NA	NA	NA	NA	NA	NA	0.166822999371	0.651102941031	0.0019401	0.00598655
ne	0.125	0.125	0.125	0.086957	11.564103	13.165495	7.205128	9.384615	19	-1.601393	-7.435897	-5.834505	4.358974	-3.78088	6	5.76	7	6.5	4	0.24	2	1.76	-1	0.74	0.136781	0.0525	0.036875	0.07125	0.702381	0.0689525	0.0163634	93.35	32.821	1.4383707282	0.0525891	1.04528731556	60.529	-0.0625485765421	0.0076391000672	0.0007139	8.84e-05
ne	0	0	-0.0125	0.016807	11.297436	13.400593	6.548718	8.923077	19	-2.103157	-7.702564	-5.599407	4.748718	-4.477516	NA	NA	NA	NA	NA	NA	NA	NA	NA	NA	0.145791	0.05125	0.04125	0.06625	0.804878	NA	NA	NA	NA	NA	NA	NA	NA	-0.07295810724	0.0317018627819	0.0007809	0.00029938
ne	0	0	-0.05	0.068966	12.825641	17.632359	3.892308	8.358974	23	-4.806718	-10.174359	-5.367641	8.933333	-9.273385	NA	NA	NA	NA	NA	NA	NA	NA	NA	NA	0.139792	0.0475	0.0375	0.0675	0.789474	NA	NA	NA	NA	NA	NA	NA	NA	-0.123503818027	-0.358068953635	0.0016655	0.005565
ne	0.625	0.375	-0.1375	0.033516	12.424359	17.397261	5.678205	9.051282	23	-4.972902	-10.575641	-5.602739	6.746154	-8.345979	11.226667	14.036172	6.106667	8.666667	17	-2.809506	-5.773333	-2.963828	5.12	-5.369506	0.129318	0.05125	0.035625	0.07625	0.695122	0.0100153	0.0176596	26.335	35.7952	-0.567165621126	0.0076443	-0.30691495327	9.4602	-0.966175002861	-0.565022223891	0.00841666	0.0039668
ne	0.125	0.125	0.075	0.042042	12.474359	17.632359	5.679487	9.076923	24	-5.158001	-11.525641	-6.367641	6.794872	-8.555436	9.4	8.16	9.6	9.5	4	1.24	5.4	4.16	-0.2	1.34	0.127579	0.05125	0.035625	0.07625	0.695122	NA	NA	62.25	18.4429	NA	NA	1.21647906277	43.8071	-1.02690117363	-0.632991171927	0.00905167	0.00434459
ne	0.15	0.15	0.15	0.105263	12.698718	17.867458	5.711538	9.205128	24	-5.16874	-11.301282	-6.132542	6.987179	-8.662329	0.666667	0.875912	0.133333	0.4	2	-0.209246	-1.333333	-1.124088	0.533333	-0.475912	0.125927	0.05125	0.035625	0.07625	0.695122	NA	NA	126.633	18.7692	NA	NA	1.90907591076	107.8638	-0.964574521102	-0.773639236142	0.00956378	0.00725824
ne	0.15	0.15	0.15	0.105263	12.698718	17.867458	5.711538	9.205128	24	-5.16874	-11.301282	-6.132542	6.987179	-8.662329	0.666667	0.875912	0.133333	0.4	2	-0.209246	-1.333333	-1.124088	0.533333	-0.475912	0.125927	0.05125	0.035625	0.07625	0.695122	NA	NA	125.967	18.7549	NA	NA	1.90456491628	107.2121	-0.949480746924	-0.759331259203	0.0094742	0.00716866
ne	0.125	0.125	-0.175	0.073513	9.389744	11.519808	5.892308	7.641026	13	-2.130065	-3.610256	-1.480192	3.497436	-3.878783	6.6	6.72	7.9	7.25	6	-0.12	0.6	0.72	-1.3	0.53	0.096995	0.04	0.034375	0.0475	0.859375	0.0392193	0.0168983	57.15	30.3496	0.841955947419	0.022321	0.632896052394	26.8004	-0.0338619094136	-0.123124633393	0.000446	0.0016967
ne	0.225	0.225	-0.075	0.008359	14.076923	15.751574	13.205128	13.641026	18	-1.674651	-3.923077	-2.248426	0.871795	-2.110549	7.722222	8.462549	10.277778	9	8	-0.740327	-0.277778	0.462549	-2.555556	0.537451	0.182037	0.045	0.035	0.06	0.777778	0.0372722	0.00852101	71.5833	23.8161	1.47571286204	0.02875119	1.10049998398	47.7672	-0.786225637014	-0.208856080485	0.00743475	0.00132259
ne	0.825	0.175	0.0875	0.010093	14.296154	15.516476	12.216667	13.25641	17	-1.220323	-2.703846	-1.483524	2.079487	-2.260066	11.897727	13.798218	10.789773	11.34375	14	-1.90049	-2.102273	-0.201782	1.107955	-2.454468	0.198544	0.0475	0.0375	0.0625	0.789474	0.0129465	0.0491953	29.2936	90.4048	-1.33497260913	0.0362488	-1.1269283012	61.1112	-0.413726339932	0.0851787659133	0.00474342	0.00072554
ne	0.75	0.25	0.525	0.282986	14.071795	15.281378	12.184615	13.128205	17	-1.209583	-2.928205	-1.718622	1.887179	-2.153173	11.050575	12.116152	5.432184	8.241379	13	-1.065577	-1.949425	-0.883848	5.618391	-3.874773	0.201589	0.0475	0.0375	0.0625	0.789474	0.0187897	0.0261226	39.9782	47.4889	-0.329491992678	0.0073329	-0.172161693974	7.5107	-0.245849837737	0.278080846217	0.0030026	0.00264754
ne	0	0	-0.0125	0.016807	11.646154	11.990004	12.558974	12.102564	12	-0.343851	-0.353846	-0.009996	-0.912821	0.11256	NA	NA	NA	NA	NA	NA	NA	NA	NA	NA	0.10616	0.04625	0.03625	0.06125	0.783784	NA	NA	NA	NA	NA	NA	NA	NA	-0.945916618253	-0.811978871321	0.01347921	0.01017369
ne	0.05	0.05	0.05	0.033898	10.910256	10.814514	10.115385	10.512821	9	0.095743	1.910256	1.814514	0.794872	-0.301693	NA	NA	NA	NA	NA	NA	NA	NA	NA	NA	0.086588	0.05125	0.04125	0.06625	0.804878	0.0852066	0.0097162	115.5	22.9459	2.17128430009	0.0754904	1.61613125865	92.5541	-0.764282488082	-0.371040766426	0.01055931	0.00378376
ne	0.775	0.225	0.65	0.424822	12.25	11.519808	8.211538	10.230769	9	0.730192	3.25	2.519808	4.038462	-1.289039	11.741935	11.264116	7.858065	9.8	10	0.477819	1.741935	1.264116	3.883871	-1.464116	0.162611	0.05125	0.04125	0.06625	0.804878	NA	NA	19.5645	80.4722	NA	NA	-1.41419508367	60.9077	-1.02748327476	-0.658913389427	0.01726281	0.00779006
ne	0	0	-0.0125	0.016807	11.948718	11.28471	9.076923	10.512821	9	0.664008	2.948718	2.28471	2.871795	-0.77189	NA	NA	NA	NA	NA	NA	NA	NA	NA	NA	0.162844	0.04875	0.043125	0.06	0.884615	NA	NA	NA	NA	NA	NA	NA	NA	-0.470084314617	-0.259230187583	0.0095759	0.0045591
ne	0.55	0.45	0.175	0.034502	11.070513	11.049612	9.391026	10.230769	10	0.020901	1.070513	1.049612	1.679487	-0.818843	6.82684	8.503964	11.744589	9.285714	12	-1.677124	-5.17316	-3.496036	-4.917749	0.78175	0.161404	0.04625	0.040625	0.0575	0.878378	0.0261755	0.0296625	44.5693	39.2876	-0.125059762991	0.003487	0.126136333744	5.2817	-0.44993484292	-0.317755239433	0.0060024	0.0039251
ne	0.075	0.075	-0.1375	0.067	11.326923	10.579416	13.032051	12.179487	8	0.747507	3.326923	2.579416	-1.705128	1.600071	6.666667	6.666667	7.333333	7	6	0	0.666667	0.666667	-0.666667	0.333333	0.197071	0.0475	0.0375	0.0625	0.789474	0.0213282	0.0157107	36	30.0413	0.305688131855	0.0056175	0.180945836864	5.9587	-0.33495643184	-0.193632709334	0.0053588	0.0028082
ne	0.025	0.025	0.025	0.016807	10.794872	10.344318	11.769231	11.282051	9	0.450554	1.794872	1.344318	-0.974359	0.937734	NA	NA	NA	NA	NA	NA	NA	NA	NA	NA	0.199924	0.0575	0.041875	0.07625	0.728261	NA	NA	NA	NA	NA	NA	NA	NA	-0.551956078617	-0.307523197789	0.0103381	0.0048687
ne	0	0	-0.0125	0.016807	10.002564	11.049612	10.407692	10.205128	14	-1.047048	-3.997436	-2.950388	-0.405128	-0.844484	NA	NA	NA	NA	NA	NA	NA	NA	NA	NA	0.154797	0.05375	0.04375	0.07375	0.813953	NA	NA	NA	NA	NA	NA	NA	NA	-0.637115980094	-0.408571067429	0.0101308	0.0056889
ne	0.975	0.025	-0.025	0.016807	9.602564	13.635691	14.192308	11.897436	20	-4.033127	-10.397436	-6.364309	-4.589744	-1.738255	9.112011	11.353149	6.519568	7.815789	16	-2.241138	-6.887989	-4.646851	2.592443	-3.537359	0.10692	0.0375	0.035	0.0425	0.933333	NA	NA	NA	NA	NA	NA	NA	NA	-0.641373086268	-0.994491609604	0.00690878	0.01386932
ne	0.05	0.05	0.05	0.033898	11.502564	14.576084	15.164103	13.333333	12	-3.07352	-0.497436	2.576084	-3.661538	-1.242751	NA	NA	NA	NA	NA	NA	NA	NA	NA	NA	0.127488	0.0425	0.0325	0.0575	0.764706	0.189078	0.0129564	164.5	25.2738	2.68056975378	0.1761216	1.87314228417	139.2262	-0.456463094304	-0.115055571327	0.0069029	0.001445
ne	0.125	0.125	-0.3	0.098765	9.40641	11.049612	2.644872	6.025641	6	-1.643202	3.40641	5.049612	6.761538	-5.023971	5.4	5.76	2.6	4	9	-0.36	-3.6	-3.24	2.8	-1.76	0.100744	0.04375	0.038125	0.055	0.871429	0.0231305	0.0137021	36.2	25.4563	0.523602987199	0.0094284	0.352095862265	10.7437	-0.0279835276671	-0.0600181035169	0.0002933	0.0006403
ne	0.05	0.05	-0.2	0.084416	7.955128	10.109219	2.044872	5	9	-2.154091	-1.044872	1.109219	5.910256	-5.109219	NA	NA	NA	NA	NA	NA	NA	NA	NA	NA	0.1303	0.05125	0.035625	0.07	0.695122	NA	NA	200	25.3997	NA	NA	2.06358000362	174.6003	-0.0151268317628	-0.00804443864293	0.0001831	9.85e-05
ne	0	0	-0.0125	0.016807	8.891026	10.579416	7.262821	8.076923	12	-1.68839	-3.108974	-1.420584	1.628205	-2.502493	NA	NA	NA	NA	NA	NA	NA	NA	NA	NA	0.127033	0.04375	0.03375	0.05375	0.771429	NA	NA	NA	NA	NA	NA	NA	NA	0.365299017584	0.0262940901767	0.0049377	0.0004292
ne	0.5	0.5	-0.35	0.141335	14.766667	14.340986	13.541026	14.153846	17	0.425681	-2.233333	-2.659014	1.225641	-0.18714	8.784211	10.992915	10.478947	9.631579	15	-2.208704	-6.215789	-4.007085	-1.694737	-1.361336	0.199298	0.04625	0.03625	0.06125	0.783784	0.0154866	0.024211	32.35	45.6947	-0.446831941456	0.0087244	-0.345368296486	13.3447	-0.662542713894	-0.824485799601	0.00729211	0.01129346
ne	0.1	0.1	0.1	0.068966	14.766667	14.340986	13.541026	14.153846	17	0.425681	-2.233333	-2.659014	1.225641	-0.18714	1.166667	1.090909	0.833333	1	1	0.075758	0.166667	0.090909	0.333333	-0.090909	0.199298	0.04625	0.03625	0.06125	0.783784	NA	NA	85.4167	24.5095	NA	NA	1.24848083453	60.9072	-0.623208696678	-0.789554851345	0.00735071	0.01129446
ne	0	0	-0.075	0.061404	14.914103	14.811182	13.547436	14.230769	18	0.102921	-3.085897	-3.188818	1.366667	-0.580413	NA	NA	NA	NA	NA	NA	NA	NA	NA	NA	0.178536	0.0425	0.0325	0.0525	0.764706	NA	NA	NA	NA	NA	NA	NA	NA	-0.356513816542	-0.644132197489	0.00414744	0.0092025
ne	0	0	-0.0125	0.016807	15.05641	15.04628	13.558974	14.307692	18	0.01013	-2.94359	-2.95372	1.497436	-0.738588	NA	NA	NA	NA	NA	NA	NA	NA	NA	NA	0.191563	0.0425	0.0325	0.0525	0.764706	NA	NA	NA	NA	NA	NA	NA	NA	-0.517806680992	-0.719329647326	0.00563552	0.00925346
ne	0.025	0.025	0.025	0.016807	15.378205	14.576084	13.083333	14.230769	15	0.802121	0.378205	-0.423916	2.294872	-0.345315	NA	NA	NA	NA	NA	NA	NA	NA	NA	NA	0.183619	0.0425	0.0325	0.0525	0.764706	NA	NA	NA	NA	NA	NA	NA	NA	-0.646310499381	-0.795229746874	0.00770084	0.01048413
ne	0.025	0.025	0.025	0.016807	16.661538	15.281378	12.261538	14.461538	17	1.38016	-0.338462	-1.718622	4.4	-0.81984	NA	NA	NA	NA	NA	NA	NA	NA	NA	NA	0.167317	0.0425	0.0325	0.0525	0.764706	NA	NA	NA	NA	NA	NA	NA	NA	-0.448562280559	-0.658661303034	0.00439225	0.00766927
ne	0.025	0.025	0.025	0.016807	14.067949	14.340986	9.162821	11.615385	17	-0.273037	-2.932051	-2.659014	4.905128	-2.725601	NA	NA	NA	NA	NA	NA	NA	NA	NA	NA	0.136232	0.0425	0.0325	0.0525	0.764706	NA	NA	NA	NA	NA	NA	NA	NA	-0.305589952308	-0.375222345473	0.00290859	0.00378471
ne	0	0	-0.0125	0.016807	14.421795	14.576084	9.219231	11.820513	16	-0.154289	-1.578205	-1.423916	5.202564	-2.755571	NA	NA	NA	NA	NA	NA	NA	NA	NA	NA	0.141339	0.03875	0.033125	0.04625	0.854839	NA	NA	NA	NA	NA	NA	NA	NA	-0.32465311994	-0.287409054524	0.0040096	0.0034763
ne	0.025	0.025	0.025	0.016807	13.948718	13.870789	10.769231	12.358974	17	0.077928	-3.051282	-3.129211	3.179487	-1.511815	NA	NA	NA	NA	NA	NA	NA	NA	NA	NA	0.171662	0.045	0.035	0.06	0.777778	NA	NA	NA	NA	NA	NA	NA	NA	-0.488383401491	-0.507468185484	0.00497989	0.00532918
ne	0.325	0.325	0.1375	0.024068	13.807692	14.340986	10.5	12.153846	21	-0.533293	-7.192308	-6.659014	3.307692	-2.18714	14.051282	12.567629	12.782051	13.416667	14	1.483653	0.051282	-1.432371	1.269231	0.849038	0.168489	0.05125	0.04125	0.06625	0.804878	0.0241715	0.013464	29.3077	26.6083	0.585154796307	0.0107075	0.0966270829407	2.6994	-1.05882382703	-1.07053937905	0.01280781	0.01294171
ne	0.225	0.225	0.0875	0.013	13.082051	13.870789	10.097436	11.589744	21	-0.788738	-7.917949	-7.129211	2.984615	-2.281046	10.777778	10.670171	13.722222	12.25	9	0.107607	1.777778	1.670171	-2.944444	1.579829	0.165095	0.05	0.04	0.065	0.8	0.0462339	0.0106221	44.1111	21.4968	1.47077655887	0.0356118	0.718807364615	22.6143	-1.05942989931	-1.0253193088	0.01373707	0.01267764
ne	0.175	0.175	-0.5125	0.237486	13.301282	15.516476	7.980769	10.641026	18	-2.215194	-4.698718	-2.483524	5.320513	-4.875451	10.666667	7.755102	9	9.833333	0	2.911565	10.666667	7.755102	1.666667	2.078231	0.147714	0.05125	0.04125	0.07125	0.804878	0.0748671	0.0138428	77.4762	24.4858	1.68794929982	0.0610243	1.15187743474	52.9904	-0.880506344777	-0.565362398296	0.0152108	0.00758671
ne	0.075	0.075	0.075	0.051282	11.265385	15.281378	6.426923	8.846154	23	-4.015994	-11.734615	-7.718622	4.838462	-6.435224	8	8	9	8.5	7	0	1	1	-1	0.5	0.109227	0.055	0.039375	0.08	0.715909	0.0160062	0.00852535	30	22.8168	0.629932069136	0.00748085	0.273700274931	7.1832	-0.922838926546	-0.620580982598	0.01231664	0.00648055
ne	0.05	0.05	0.05	0.033898	11.092308	14.811182	5.523077	8.307692	21	-3.718874	-9.907692	-6.188818	5.569231	-6.50349	NA	NA	NA	NA	NA	NA	NA	NA	NA	NA	0.112235	0.055	0.039375	0.08	0.715909	0.036895	0.00784978	52	21.4033	1.54759053459	0.02904522	0.887698602835	30.5967	-0.894139863073	-0.576516476165	0.01208838	0.00600429
ne	0.025	0.025	0.025	0.016807	9.726923	12.930397	4.273077	7	16	-3.203474	-6.273077	-3.069603	5.453846	-5.930397	NA	NA	NA	NA	NA	NA	NA	NA	NA	NA	0.071515	0.055	0.039375	0.08	0.715909	NA	NA	NA	NA	NA	NA	NA	NA	-0.5112723815	-0.199305007151	0.0085432	0.0026768
ne	0.25	0.25	-0.225	0.048611	9.726923	12.930397	4.273077	7	16	-3.203474	-6.273077	-3.069603	5.453846	-5.930397	4.333333	3.534858	3	3.666667	3	0.798476	1.333333	0.534858	1.333333	0.131809	0.071515	0.055	0.039375	0.08	0.715909	NA	NA	74.1778	29.6241	NA	NA	0.917876694785	44.5537	-0.511182237584	-0.174328658217	0.0077824	0.0020948
ne	0.025	0.025	0.025	0.016807	8.529487	11.28471	5.265385	6.897436	12	-2.755223	-3.470513	-0.71529	3.264103	-4.387274	NA	NA	NA	NA	NA	NA	NA	NA	NA	NA	0.082676	0.0575	0.041875	0.0825	0.728261	NA	NA	NA	NA	NA	NA	NA	NA	-0.500403263318	-0.250363827116	0.0093748	0.0038126
ne	0.475	0.475	0.175	0.036847	8.529487	11.28471	5.265385	6.897436	12	-2.755223	-3.470513	-0.71529	3.264103	-4.387274	6.596491	8.011197	5.625731	6.111111	7	-1.414706	-0.403509	1.011197	0.97076	-1.900086	0.082676	0.0575	0.041875	0.0825	0.728261	0.0204177	0.0266215	32.769	38.0738	-0.265316988269	0.0062038	-0.150043435012	5.3048	-0.753109278756	-0.457717168222	0.0117457	0.00547043
ne	0	0	-0.025	0.033898	9.380769	9.403925	6.978205	8.179487	8	-0.023156	1.380769	1.403925	2.402564	-1.224438	NA	NA	NA	NA	NA	NA	NA	NA	NA	NA	0.101759	0.05625	0.040625	0.075	0.722222	NA	NA	NA	NA	NA	NA	NA	NA	-0.216464770617	-0.413590113522	0.0031304	0.0066284
ne	0	0	-0.0125	0.016807	9.380769	9.403925	6.978205	8.179487	8	-0.023156	1.380769	1.403925	2.402564	-1.224438	NA	NA	NA	NA	NA	NA	NA	NA	NA	NA	0.101759	0.05625	0.040625	0.075	0.722222	NA	NA	NA	NA	NA	NA	NA	NA	-0.277694922749	-0.373737704995	0.0041599	0.0058347
ne	0.025	0.025	-0.275	0.104421	11.723077	10.814514	8.276923	10	8	0.908563	3.723077	2.814514	3.446154	-0.814514	NA	NA	NA	NA	NA	NA	NA	NA	NA	NA	0.092636	0.05125	0.04125	0.06625	0.804878	NA	NA	NA	NA	NA	NA	NA	NA	-0.101546877582	-0.243106543431	0.00092823	0.00246125
ne	0.125	0.125	-0.5	0.23049	15.228205	13.635691	8.771795	12	15	1.592514	0.228205	-1.364309	6.45641	-1.635691	12.2	11.52	13.8	13	8	0.68	4.2	3.52	-1.6	1.48	0.120559	0.055	0.045	0.075	0.818182	NA	NA	56.5	17.5597	NA	NA	1.16863413437	38.9403	-0.570287178586	-0.602512706921	0.00371163	0.00424636
ne	0.025	0.025	0.0125	0.008475	16.529487	18.337654	14.39359	15.461538	29	-1.808167	-12.470513	-10.662346	2.135897	-2.876115	NA	NA	NA	NA	NA	NA	NA	NA	NA	NA	0.164621	0.04875	0.033125	0.0675	0.679487	NA	NA	NA	NA	NA	NA	NA	NA	-0.459662562735	-0.266512615156	0.00551093	0.00272425
ne	0.025	0.025	0.0125	0.008475	16.501282	19.042948	14.011538	15.25641	31	-2.541666	-14.498718	-11.957052	2.489744	-3.786538	NA	NA	NA	NA	NA	NA	NA	NA	NA	NA	0.143255	0.05625	0.040625	0.0875	0.722222	NA	NA	NA	NA	NA	NA	NA	NA	-0.680690958943	-0.44502538786	0.00804839	0.00462589
ne	0.05	0.05	0.05	0.033898	16.501282	19.042948	14.011538	15.25641	31	-2.541666	-14.498718	-11.957052	2.489744	-3.786538	NA	NA	NA	NA	NA	NA	NA	NA	NA	NA	0.143255	0.05625	0.040625	0.0875	0.722222	0.0088076	0.00858393	31	32.4168	0.0257231345398	0.00022367	-0.0446896024474	1.4168	-0.715492414912	-0.466473479761	0.00833592	0.00474032
ne	0.175	0.175	0.175	0.123894	14.75641	18.572752	8.730769	11.74359	32	-3.816342	-17.24359	-13.427248	6.025641	-6.829162	2.952381	2.857143	1.047619	2	2	0.095238	0.952381	0.857143	1.904762	-0.857143	0.11996	0.04625	0.03625	0.06125	0.783784	NA	NA	132.881	25.5256	NA	NA	1.64977212072	107.3554	-1.02608148031	-0.872023663437	0.00900204	0.00685659
ne	0.125	0.125	-0.0125	0.008413	14.632051	18.337654	9.829487	12.230769	30	-3.705603	-15.367949	-11.662346	4.802564	-6.106885	6.6	6.72	8.9	7.75	5	-0.12	1.6	1.72	-2.3	1.03	0.108628	0.045	0.035	0.06	0.777778	0.0290435	0.00845494	64.65	33.8857	1.23404382018	0.02058856	0.645995008735	30.7643	-0.611654161552	-0.381310737775	0.00522011	0.00274197
ne	0.375	0.375	0.3625	0.253606	12.980769	17.162163	6.352564	9.666667	28	-4.181394	-15.019231	-10.837837	6.628205	-7.495497	6.247619	7.381067	10.466667	8.357143	9	-1.133448	-2.752381	-1.618933	-4.219048	0.976076	0.098342	0.05875	0.043125	0.08375	0.734043	0.0233995	0.00926782	60.9286	34.9217	0.926166469898	0.01413168	0.55659427432	26.0069	-0.572712451984	-0.625713612887	0.00403568	0.00458825
ne	0.025	0.025	0.025	0.016807	13.338462	17.397261	6.45641	9.897436	28	-4.0588	-14.661538	-10.602739	6.882051	-7.499825	NA	NA	NA	NA	NA	NA	NA	NA	NA	NA	0.097697	0.05875	0.043125	0.08375	0.734043	NA	NA	NA	NA	NA	NA	NA	NA	-0.46708023603	-0.479653049761	0.00297754	0.0031226
ne	0.025	0.025	0.025	0.016807	15.244872	16.456869	6.960256	11.102564	18	-1.211997	-2.755128	-1.543131	8.284615	-5.354305	NA	NA	NA	NA	NA	NA	NA	NA	NA	NA	0.128368	0.04625	0.03625	0.06125	0.783784	NA	NA	NA	NA	NA	NA	NA	NA	-0.268860745722	-0.567034407476	0.0020871	0.00537263
ne	0	0	-0.0625	0.045217	14.944872	16.221771	6.747436	10.846154	14	-1.276899	0.944872	2.221771	8.197436	-5.375617	NA	NA	NA	NA	NA	NA	NA	NA	NA	NA	0.120217	0.055	0.039375	0.08	0.715909	NA	NA	NA	NA	NA	NA	NA	NA	-0.194043043807	-0.471832075589	0.0009066	0.00312028
ne	0	0	-0.3	0.135417	15.828205	16.456869	8.479487	12.153846	13	-0.628664	2.828205	3.456869	7.348718	-4.303023	NA	NA	NA	NA	NA	NA	NA	NA	NA	NA	0.124855	0.0575	0.041875	0.0825	0.728261	NA	NA	NA	NA	NA	NA	NA	NA	0.0211574616322	-0.284328432172	8.515e-05	0.00168952
ne	0	0	-0.0125	0.016807	18.365385	18.337654	9.685897	14.025641	13	0.027731	5.365385	5.337654	8.679487	-4.312013	NA	NA	NA	NA	NA	NA	NA	NA	NA	NA	0.126481	0.06	0.044375	0.085	0.739583	NA	NA	NA	NA	NA	NA	NA	NA	-0.29927569706	-0.559670905308	0.00126712	0.00330497
ne	0	0	-0.0125	0.016807	12.90641	14.576084	7.862821	10.384615	19	-1.669674	-6.09359	-4.423916	5.04359	-4.191468	NA	NA	NA	NA	NA	NA	NA	NA	NA	NA	0.119226	0.06	0.044375	0.09125	0.739583	NA	NA	NA	NA	NA	NA	NA	NA	-0.442372262903	-0.713029348244	0.00272115	0.00570244
ne	0.55	0.45	0.1625	0.044495	12.161538	13.870789	8.351282	10.25641	20	-1.709251	-7.838462	-6.129211	3.810256	-3.614379	9.164502	11.247178	11.121212	10.142857	16	-2.082676	-6.835498	-4.752822	-1.95671	-1.104321	0.106168	0.06	0.044375	0.09125	0.739583	0.0123406	0.0166762	38.0368	46.0131	-0.301087913569	0.0043356	-0.190372026393	7.9763	-0.227126524061	-0.489115877273	0.00123836	0.00343876
ne	0	0	-0.325	0.148118	10.551282	13.870789	7.5	9.025641	24	-3.319507	-13.448718	-10.129211	3.051282	-4.845148	NA	NA	NA	NA	NA	NA	NA	NA	NA	NA	0.069203	0.055	0.039375	0.08	0.715909	NA	NA	NA	NA	NA	NA	NA	NA	0.292025132687	0.0612864758488	0.00261881	0.00062371
ne	0.175	0.175	-0.4375	0.171317	11.939744	15.751574	9.855128	10.897436	28	-3.811831	-16.060256	-12.248426	2.084615	-4.854139	11.047619	12.653061	10.619048	10.833333	18	-1.605442	-6.952381	-5.346939	0.428571	-1.819728	0.146803	0.05	0.04	0.07	0.8	0.00681662	0.0151188	27.0476	40.6648	-0.796575254691	0.00830218	-0.4077645766	13.6172	-0.142231940782	-0.270313379588	0.00132983	0.00279935
ne	0	0	-0.325	0.138298	11.026923	14.105888	6.05	8.538462	23	-3.078965	-11.973077	-8.894112	4.976923	-5.567426	NA	NA	NA	NA	NA	NA	NA	NA	NA	NA	0.075469	0.06	0.029375	0.095	0.489583	NA	NA	NA	NA	NA	NA	NA	NA	-0.0235099120404	-0.00429731163792	0.00021661	3.765e-05
ne	0	0	-0.0125	0.016807	10.74359	13.635691	4.74359	7.74359	20	-2.892102	-9.25641	-6.364309	6	-5.892102	NA	NA	NA	NA	NA	NA	NA	NA	NA	NA	0.092937	0.06	0.029375	0.095	0.489583	NA	NA	NA	NA	NA	NA	NA	NA	-0.208681994334	-0.271124765322	0.00186913	0.0024466
ne	0	0	-0.025	0.033898	10.334615	13.400593	3.665385	7	20	-3.065978	-9.665385	-6.599407	6.669231	-6.400593	NA	NA	NA	NA	NA	NA	NA	NA	NA	NA	0.082827	0.06	0.029375	0.095	0.489583	NA	NA	NA	NA	NA	NA	NA	NA	0.00472670273894	-0.128815648731	3.62e-05	0.0010535
ne	0	0	-0.2375	0.094841	12.412821	15.281378	7.587179	10	24	-2.868558	-11.587179	-8.718622	4.825641	-5.281378	NA	NA	NA	NA	NA	NA	NA	NA	NA	NA	0.099045	0.0575	0.035	0.0875	0.608696	NA	NA	NA	NA	NA	NA	NA	NA	-0.125860826436	-0.065420341894	0.00108206	0.00056767
ne	0	0	-0.0125	0.016807	15.810256	16.456869	10.241026	13.025641	22	-0.646612	-6.189744	-5.543131	5.569231	-3.431228	NA	NA	NA	NA	NA	NA	NA	NA	NA	NA	0.181247	0.1	0.024375	0.14125	0.24375	NA	NA	NA	NA	NA	NA	NA	NA	-0.550123966769	-0.420041184233	0.007631	0.0056601
ne	0.025	0.025	0.025	0.016807	15.957692	14.811182	11.273077	13.615385	17	1.14651	-1.042308	-2.188818	4.684615	-1.195797	NA	NA	NA	NA	NA	NA	NA	NA	NA	NA	0.226063	0.1025	0.026875	0.14375	0.262195	NA	NA	NA	NA	NA	NA	NA	NA	-0.545042917069	-0.446750625873	0.0076096	0.0062247
ne	0.025	0.025	0.025	0.016807	17.884615	16.221771	11.141026	14.512821	21	1.662845	-3.115385	-4.778229	6.74359	-1.70895	NA	NA	NA	NA	NA	NA	NA	NA	NA	NA	0.193233	0.11125	0.035625	0.16625	0.320225	NA	NA	NA	NA	NA	NA	NA	NA	-0.314904795255	-0.397975223974	0.0038144	0.0052886
ne	0.3	0.3	0.0125	0.000672	18.785897	16.221771	11.111538	14.948718	17	2.564127	1.785897	-0.778229	7.674359	-1.273053	10.772727	7.947343	15.227273	13	3	2.825385	7.772727	4.947343	-4.454545	5.052657	0.205654	0.07	0.054375	0.10125	0.776786	0.0283355	0.0138592	68.4091	34.6138	0.715166163449	0.0144763	0.681253410238	33.7953	-0.0545099631506	-0.414170587762	0.00031454	0.00359957
ne	0.175	0.175	0.05	0.018275	15.84359	15.986673	11.438462	13.641026	19	-0.143083	-3.15641	-3.013327	4.405128	-2.345647	6	7.755102	12.666667	9.333333	11	-1.755102	-5	-3.244898	-6.666667	1.578231	0.115362	0.05875	0.043125	0.08375	0.734043	0.0442382	0.0122924	107.333	30.7983	1.280607484	0.0319458	1.24847665763	76.5347	-0.352724181449	-0.621241236476	0.00231583	0.00628845
ne	0.025	0.025	0.025	0.016807	16.942308	16.691967	12.544872	14.74359	20	0.250341	-3.057692	-3.308033	4.397436	-1.948377	NA	NA	NA	NA	NA	NA	NA	NA	NA	NA	0.113587	0.05375	0.04375	0.07375	0.813953	NA	NA	NA	NA	NA	NA	NA	NA	-0.566711015521	-0.745628534524	0.00443496	0.00757837
ne	0.775	0.225	-0.1625	0.057951	19.274359	18.337654	14.366667	16.820513	17	0.936705	2.274359	1.337654	4.907692	-1.517141	18.984946	17.021331	13.748387	16.366667	12	1.963615	6.984946	5.021331	5.236559	-0.654665	0.135126	0.05125	0.035625	0.07	0.695122	0.0116773	0.0242602	29.9839	57.0694	-0.731190361211	0.0125829	-0.64360750015	27.0855	-0.639335247405	-0.900621502385	0.00593337	0.01047512
ne	0.275	0.275	0.2125	0.094952	16.967949	15.751574	13.237179	15.102564	13	1.216374	3.967949	2.751574	3.730769	-0.64901	9.054545	8.194012	10.145455	9.6	4	0.860534	5.054545	4.194012	-1.090909	1.405988	0.12237	0.04375	0.038125	0.055	0.871429	0.0169554	0.00873359	48.5636	30.5234	0.66340985618	0.00822181	0.464380676523	18.0402	-0.963964269128	-1.10529817446	0.00846677	0.01027385
ne	0.425	0.425	-0.4875	0.282222	16.778205	15.751574	12.298718	14.538462	13	1.026631	3.778205	2.751574	4.479487	-1.213113	10.882353	11.535973	15.242647	13.0625	12	-0.653621	-1.117647	-0.464027	-4.360294	1.526527	0.161261	0.04625	0.030625	0.065	0.662162	0.0192213	0.0100454	51.2316	30	0.648904220852	0.0091759	0.535159147501	21.2316	-1.15450966887	-1.02972447483	0.01331262	0.01055048
ne	0	0	-0.025	0.033898	17.115385	16.456869	15.602564	16.358974	17	0.658516	0.115385	-0.543131	1.512821	-0.097895	NA	NA	NA	NA	NA	NA	NA	NA	NA	NA	0.166605	0.04625	0.030625	0.065	0.662162	NA	NA	NA	NA	NA	NA	NA	NA	-0.342944160893	0.139338751001	0.0044716	0.00135112
ne	0	0	-0.0125	0.016807	17.797436	16.927065	15.741026	16.769231	16	0.870371	1.797436	0.927065	2.05641	-0.157834	NA	NA	NA	NA	NA	NA	NA	NA	NA	NA	0.162866	0.04625	0.030625	0.065	0.662162	NA	NA	NA	NA	NA	NA	NA	NA	-0.325820286612	0.104255139183	0.0042101	0.00102845
ne	0.15	0.15	0.15	0.105263	17.492308	18.102556	15.738462	16.615385	15	-0.610248	2.492308	3.102556	1.753846	-1.487171	6	5.693431	4.4	5.2	6	0.306569	0	-0.306569	1.6	-0.493431	0.139603	0.04625	0.03625	0.06125	0.783784	0.0170229	0.00687456	52.7667	25.1979	0.906731854905	0.01014834	0.739119652219	27.5688	-1.04418871779	-0.752321253114	0.00986984	0.00538526
ne	0.4	0.4	0.3625	0.219906	17.492308	18.102556	15.738462	16.615385	15	-0.610248	2.492308	3.102556	1.753846	-1.487171	7.216667	12.657354	18.116667	12.666667	25	-5.440688	-17.783333	-12.342646	-10.9	0.009312	0.139603	0.04625	0.03625	0.06125	0.783784	0.0230702	0.00698221	68.8708	22.8261	1.19517625584	0.01608799	1.10432766749	46.0447	-1.06685800179	-0.775095586933	0.00997616	0.00547069
ne	0.15	0.15	0.15	0.105263	18.435897	19.278046	15.205128	16.820513	16	-0.842149	2.435897	3.278046	3.230769	-2.457534	5	4.817518	3.4	4.2	5	0.182482	0	-0.182482	1.6	-0.617518	0.127944	0.04	0.034375	0.05125	0.859375	0.0170229	0.00708069	53.5667	25.9394	0.877188135826	0.00994221	0.725164558033	27.6273	-1.07796006777	-0.836823648672	0.0105879	0.00638835
ne	0.175	0.175	0.175	0.123894	26.771795	26.801186	33.023077	29.897436	24	-0.029392	2.771795	2.801186	-6.251282	3.096249	14.190476	12.653061	14.809524	14.5	10	1.537415	4.190476	2.653061	-0.619048	1.846939	0.247991	0.03875	0.02875	0.04875	0.741935	0.022792	0.00654426	85.9762	31.179	1.24782126763	0.01624774	1.01432572249	54.7972	-0.573156997145	-0.416847886142	0.00361795	0.00225521
ne	0.075	0.075	-0.1375	0.067	26.375641	26.566088	32.957692	29.666667	25	-0.190447	1.375641	1.566088	-6.582051	3.100578	2	2	1	1.5	3	0	-1	-1	1	-0.5	0.250023	0.03875	0.02875	0.04875	0.741935	0.0281764	0.00522457	109.833	26.8138	1.68511225032	0.02295183	1.41004435001	83.0192	-0.343973334603	-0.290509832602	0.00186299	0.00142706
ne	0.65	0.35	-0.2625	0.112554	22.765385	25.390598	34.003846	28.384615	27	-2.625213	-4.234615	-1.609402	-11.238462	2.994018	12.150769	20.178418	31.129231	21.64	26	-8.027649	-13.849231	-5.821582	-18.978462	1.461582	0.258597	0.04	0.03	0.055	0.75	0.0125839	0.00764316	54.3646	33.0879	0.498607088896	0.00494074	0.49654555011	21.2767	-0.696327965235	-0.492312869094	0.00621036	0.00355757
ne	0.025	0.025	0.025	0.016807	23.233333	25.860794	34.715385	28.974359	27	-2.627461	-3.766667	-1.139206	-11.482051	3.113565	NA	NA	NA	NA	NA	NA	NA	NA	NA	NA	0.256436	0.04	0.03	0.055	0.75	NA	NA	NA	NA	NA	NA	NA	NA	-0.630743066764	-0.795833368677	0.00690034	0.00872337
ne	0	0	-0.0125	0.016807	20.238462	23.980009	27.453846	23.846154	29	-3.741547	-8.761538	-5.019991	-7.215385	-0.133855	NA	NA	NA	NA	NA	NA	NA	NA	NA	NA	0.21795	0.035	0.029375	0.0425	0.839286	NA	NA	NA	NA	NA	NA	NA	NA	-0.653378221016	-0.807485983195	0.00662798	0.00899599
ne	0.025	0.025	0.025	0.016807	13.439744	17.162163	16.662821	15.051282	24	-3.72242	-10.560256	-6.837837	-3.223077	-2.110881	NA	NA	NA	NA	NA	NA	NA	NA	NA	NA	0.151054	0.03625	0.030625	0.04375	0.844828	NA	NA	NA	NA	NA	NA	NA	NA	-0.425214746022	-0.407092531982	0.00426306	0.00404217
ne	0.1	0.1	0.1	0.068966	13.521795	17.162163	15.35	14.435897	24	-3.640368	-10.478205	-6.837837	-1.828205	-2.726266	3.666667	3.818182	1.666667	2.666667	6	-0.151515	-2.333333	-2.181818	2	-1.151515	0.134049	0.03625	0.030625	0.04375	0.844828	0.0385068	0.00807466	97	28.2183	1.56210408612	0.03043214	1.23474027486	68.7817	-0.185999773205	-0.411064556814	0.00134599	0.00344734
ne	0	0	-0.025	0.033898	12.974359	17.397261	13.589744	13.282051	30	-4.422902	-17.025641	-12.602739	-0.615385	-4.11521	NA	NA	NA	NA	NA	NA	NA	NA	NA	NA	0.095028	0.04375	0.03375	0.05875	0.771429	NA	NA	NA	NA	NA	NA	NA	NA	0.171576143989	-0.0868739994496	0.00081125	0.0004713
ne	0.7	0.3	-0.0125	0.004706	15.2	17.867458	12.082051	13.641026	24	-2.667458	-8.8	-6.132542	3.117949	-4.226432	13.470899	14.647471	10.825397	12.148148	17	-1.176572	-3.529101	-2.352529	2.645503	-2.499323	0.106131	0.03875	0.033125	0.05	0.854839	0.0103999	0.0148853	35.2354	47.1742	-0.358577958066	0.0044854	-0.291795873913	11.9388	-0.22807054688	-0.263624435741	0.00126999	0.00155654
ne	0.05	0.05	-0.225	0.080729	15.102564	17.632359	10.230769	12.666667	24	-2.529795	-8.897436	-6.367641	4.871795	-4.965693	NA	NA	NA	NA	NA	NA	NA	NA	NA	NA	0.107359	0.03875	0.033125	0.05	0.854839	0.0117189	0.00689895	35	25.6892	0.529833696978	0.00481995	0.309277391374	9.3108	-0.0954326819372	-0.140747642726	0.00056398	0.00088186
ne	0.05	0.05	-0.225	0.080729	16.45641	18.572752	11.338462	13.897436	25	-2.116342	-8.54359	-6.427248	5.117949	-4.675316	NA	NA	NA	NA	NA	NA	NA	NA	NA	NA	0.124549	0.03875	0.033125	0.05	0.854839	0.0179557	0.00553608	64	21.032	1.17662094419	0.01241962	1.11283799593	42.968	-0.2223572116	-0.282205884866	0.00117851	0.00160258
ne	0.075	0.075	0.0625	0.030172	16.542308	17.867458	8.329487	12.435897	23	-1.32515	-6.457692	-5.132542	8.212821	-5.43156	1.333333	1.333333	0.666667	1	2	0	-0.666667	-0.666667	0.666667	-0.333333	0.133465	0.03875	0.033125	0.05	0.854839	0.0755229	0.00607949	142.167	24.3011	2.51951511064	0.06944341	1.76648080612	117.8659	-0.0687661774905	-0.30898835457	0.00034797	0.00190128
ne	0.125	0.125	0.1125	0.061404	17.429487	17.162163	10.416667	13.923077	17	0.267324	0.429487	0.162163	7.012821	-3.239086	0.4	0.48	0.1	0.25	1	-0.08	-0.6	-0.52	0.3	-0.23	0.128821	0.04625	0.03625	0.06125	0.783784	0.0456003	0.00616668	137.75	24.9613	2.00075368987	0.03943362	1.70811382255	112.7887	-0.330393355366	-0.423406856108	0.00190363	0.00279792
ne	0.175	0.175	-0.125	0.020297	17.608974	16.927065	9.416667	13.512821	16	0.681909	1.608974	0.927065	8.192308	-3.414245	9.047619	8.571429	10.952381	10	5	0.47619	4.047619	3.571429	-1.904762	1.428571	0.122764	0.04625	0.03625	0.06125	0.783784	0.0248447	0.00531428	75.119	19.7225	1.54224691316	0.01953042	1.33731340679	55.3965	-0.667072982867	-0.69148427849	0.00363899	0.00389908
ne	0.075	0.075	0.075	0.051282	17.407692	18.102556	9.464103	13.435897	20	-0.694863	-2.592308	-1.897444	7.94359	-4.666658	2	2	1	1.5	3	0	-1	-1	1	-0.5	0.114399	0.03875	0.033125	0.05	0.854839	0.0317696	0.00673179	101.333	21.1667	1.55166877616	0.02503781	1.56598293123	80.1663	-0.84963792935	-1.10477538026	0.0081146	0.01238901
ne	0	0	-0.025	0.033898	15.139744	17.162163	7.783333	11.461538	20	-2.02242	-4.860256	-2.837837	7.35641	-5.700625	NA	NA	NA	NA	NA	NA	NA	NA	NA	NA	0.083635	0.035	0.029375	0.0425	0.839286	NA	NA	NA	NA	NA	NA	NA	NA	-0.301895415077	-0.539371743723	0.0026281	0.00541305
ne	0.05	0.05	0.05	0.033898	13.639744	16.691967	8.565385	11.102564	24	-3.052223	-10.360256	-7.308033	5.074359	-5.589403	NA	NA	NA	NA	NA	NA	NA	NA	NA	NA	0.07578	0.03625	0.030625	0.0475	0.844828	0.0495513	0.00589757	142.5	18.6586	2.12846809489	0.04365373	2.0330348339	123.8414	-0.72494958147	-1.00466989282	0.00578612	0.01014281
ne	0	0	-0.0125	0.016807	10.321795	13.870789	12.498718	11.410256	22	-3.548995	-11.678205	-8.129211	-2.176923	-2.460533	NA	NA	NA	NA	NA	NA	NA	NA	NA	NA	0.124781	0.04875	0.03875	0.06875	0.794872	NA	NA	NA	NA	NA	NA	NA	NA	-0.229311179279	-0.0101940102884	0.002847	0.0001116
ne	0	0	-0.0125	0.016807	10.897436	14.105888	12.076923	11.487179	22	-3.208452	-11.102564	-7.894112	-1.179487	-2.618708	NA	NA	NA	NA	NA	NA	NA	NA	NA	NA	0.130307	0.04875	0.03875	0.06875	0.794872	NA	NA	NA	NA	NA	NA	NA	NA	-0.155760240641	0.107882357547	0.0017877	0.00104667
ne	0	0	-0.0375	0.017094	10.496154	12.225103	5.760256	8.128205	17	-1.728949	-6.503846	-4.774897	4.735897	-4.096897	NA	NA	NA	NA	NA	NA	NA	NA	NA	NA	0.094063	0.0525	0.036875	0.07125	0.702381	NA	NA	NA	NA	NA	NA	NA	NA	-0.530338837622	-0.395234023186	0.00507356	0.00347888
ne	0.25	0.25	-0.025	0.00071	15.460256	13.870789	11.770513	13.615385	14	1.589467	1.460256	-0.129211	3.689744	-0.255405	6.066667	6.009258	4.822222	5.444444	6	0.057409	0.066667	0.009258	1.244444	-0.564814	0.180707	0.0525	0.036875	0.07125	0.702381	NA	NA	89.5889	21.0701	NA	NA	1.44737645449	68.5188	-0.508922871433	-0.381467086508	0.00440833	0.00308526
ne	0.025	0.025	0.025	0.016807	16.197436	14.576084	13.751282	14.974359	18	1.621352	-1.802564	-3.423916	2.446154	0.398275	NA	NA	NA	NA	NA	NA	NA	NA	NA	NA	0.192534	0.06875	0.038125	0.1125	0.554545	NA	NA	NA	NA	NA	NA	NA	NA	-0.452455904872	-0.411875974342	0.00528999	0.00469012
ne	0	0	-0.0125	0.016807	17.214103	15.516476	14.632051	15.923077	21	1.697626	-3.785897	-5.483524	2.582051	0.406601	NA	NA	NA	NA	NA	NA	NA	NA	NA	NA	0.215397	0.07	0.03	0.11	0.428571	NA	NA	NA	NA	NA	NA	NA	NA	-0.550095788157	-0.329975840792	0.00624034	0.00325306
ne	0.15	0.15	-0.5875	0.309371	22.588462	20.218439	21.770513	22.179487	29	2.370023	-6.411538	-8.781561	0.817949	1.961048	5.2	6.569343	6	5.6	11	-1.369343	-5.8	-4.430657	-0.8	-0.969343	0.245264	0.0575	0.035	0.0875	0.608696	0.0230147	0.0114896	59.3	27.7549	0.694690863833	0.0115251	0.759196904822	31.5451	-0.76996649891	-0.665388250946	0.00929272	0.00741324
ne	0.2	0.2	0.1375	0.070453	20.089744	19.042948	16.012821	18.051282	26	1.046795	-5.910256	-6.957052	4.076923	-0.991666	8.857143	13.112948	26.571429	17.714286	18	-4.255805	-9.142857	-4.887052	-17.714286	4.601338	0.194206	0.05	0.04	0.07	0.8	0.051857	0.0070347	107.036	26.749	1.99763488465	0.0448223	1.38666813701	80.287	-1.39219020721	-1.09213427224	0.01594596	0.00980231
ne	0.05	0.05	0.05	0.033898	18.074359	18.337654	18.746154	18.410256	26	-0.263295	-7.925641	-7.662346	-0.671795	0.072603	NA	NA	NA	NA	NA	NA	NA	NA	NA	NA	0.202582	0.05375	0.038125	0.07875	0.709302	NA	NA	158.5	21.6401	NA	NA	1.99120651828	136.8599	-1.05858081147	-0.907115779057	0.01187288	0.00897332
ne	0.025	0.025	0.025	0.016807	12.455128	16.456869	17.237179	14.846154	23	-4.001741	-10.544872	-6.543131	-4.782051	-1.610715	NA	NA	NA	NA	NA	NA	NA	NA	NA	NA	0.130608	0.0525	0.036875	0.0775	0.702381	NA	NA	NA	NA	NA	NA	NA	NA	-0.181576241877	-0.199954283563	0.0025299	0.0027845
ne	0.075	0.075	0.075	0.051282	10.096154	15.281378	17.032051	13.564103	24	-5.185224	-13.903846	-8.718622	-6.935897	-1.717276	6	6	8	7	4	0	2	2	-2	1	0.102555	0.04375	0.03375	0.05875	0.771429	NA	NA	104	32.7875	NA	NA	1.15434355395	71.2125	-0.533366868936	-0.390994197198	0.0080366	0.0053473
ne	0	0	-0.0375	0.051282	11.073077	14.576084	13.901282	12.487179	18	-3.503007	-6.926923	-3.423916	-2.828205	-2.088904	NA	NA	NA	NA	NA	NA	NA	NA	NA	NA	0.103214	0.0525	0.036875	0.07125	0.702381	NA	NA	NA	NA	NA	NA	NA	NA	-0.873598293256	-0.581280104431	0.00896765	0.00502096
ne	0.225	0.225	0.1875	0.097222	11.633333	14.105888	14.110256	12.871795	16	-2.472554	-4.366667	-1.894112	-2.476923	-1.234093	5.388889	5.886991	13.611111	9.5	3	-0.498102	2.388889	2.886991	-8.222222	3.613009	0.1243	0.05625	0.03375	0.07875	0.6	NA	NA	98.3889	21.357	NA	NA	1.52754843803	77.0319	-0.862807554481	-0.506899441719	0.00751605	0.00340809
ne	0.15	0.15	0.15	0.105263	11.647436	13.400593	14.660256	13.153846	14	-1.753157	-2.352564	-0.599407	-3.012821	-0.246747	1.266667	1.313869	0.733333	1	2	-0.047202	-0.733333	-0.686131	0.533333	-0.313869	0.118238	0.065	0.0425	0.1025	0.653846	0.0403892	0.00759562	72.5667	23.8137	1.67099065713	0.03279358	1.1142450936	48.753	-0.840558751416	-0.477860956297	0.00719015	0.00301844
ne	0.075	0.075	0.075	0.051282	12.267949	13.635691	15.783333	14.025641	13	-1.367743	-0.732051	0.635691	-3.515385	0.38995	0.666667	0.666667	0.333333	0.5	1	0	-0.333333	-0.333333	0.333333	-0.166667	0.12546	0.065	0.0425	0.1025	0.653846	NA	NA	115.333	23.479	NA	NA	1.5917171916	91.854	-0.663933044919	-0.311285524974	0.00617432	0.00225066
ne	0.125	0.125	0.0375	0.013889	7.821795	10.344318	2.896154	5.358974	14	-2.522523	-6.178205	-3.655682	4.925641	-4.985343	4.4	4.8	5.1	4.75	6	-0.4	-1.6	-1.2	-0.7	-0.05	0.08827	0.04875	0.033125	0.0675	0.679487	NA	NA	69	28.5866	NA	NA	0.881168428035	40.4134	-0.230569013592	-0.45878003074	0.0021356	0.00492293
ne	0	0	-0.0125	0.016807	8.064103	11.049612	2.910256	5.487179	16	-2.985509	-7.935897	-4.950388	5.153846	-5.562432	NA	NA	NA	NA	NA	NA	NA	NA	NA	NA	0.082602	0.04625	0.030625	0.05875	0.662162	NA	NA	NA	NA	NA	NA	NA	NA	-0.240606692368	-0.325577807748	0.0025197	0.00351328
ne	0.175	0.175	0.175	0.123894	8.15641	11.519808	2.920513	5.538462	18	-3.363398	-9.84359	-6.480192	5.235897	-5.981347	3.52381	4.081633	4.809524	4.166667	5	-0.557823	-1.47619	-0.918367	-1.285714	0.085034	0.0724	0.045	0.029375	0.0575	0.652778	0.0194536	0.0122876	46.9762	31.1288	0.45944151912	0.007166	0.41150765479	15.8474	-0.457058397338	-0.604243808298	0.00441589	0.00616845
ne	0	0	-0.0125	0.016807	8.203846	13.400593	3.847436	6.025641	22	-5.196747	-13.796154	-8.599407	4.35641	-7.374952	NA	NA	NA	NA	NA	NA	NA	NA	NA	NA	0.052998	0.045	0.029375	0.0575	0.652778	NA	NA	NA	NA	NA	NA	NA	NA	-0.0943217501543	-0.34103829752	0.00081216	0.0034519
ne	0.05	0.05	0.05	0.033898	7.605128	12.695299	2.753846	5.179487	19	-5.090171	-11.394872	-6.304701	4.851282	-7.515812	NA	NA	NA	NA	NA	NA	NA	NA	NA	NA	0.046334	0.0525	0.036875	0.0775	0.702381	0.0215148	0.0103836	52	32.0036	0.728513431989	0.0111312	0.485395322109	19.9964	0.0361886494993	-0.0864850608148	0.00031576	0.00079646
ne	0.125	0.125	-0.2125	0.051847	9.079487	12.695299	3.125641	6.102564	15	-3.615812	-5.920513	-2.304701	5.953846	-6.592735	5.2	5.28	6.8	6	5	-0.08	0.2	0.28	-1.6	0.72	0.074311	0.05	0.04	0.07	0.8	0.044987	0.0120778	38.85	30.4908	1.31500450243	0.0329092	0.242283078047	8.3592	0.103255289702	0.216762093522	0.00083295	0.00157311
ne	0.05	0.05	0.05	0.033898	9.666667	11.990004	3.974359	6.820513	16	-2.323338	-6.333333	-4.009996	5.692308	-5.169492	NA	NA	NA	NA	NA	NA	NA	NA	NA	NA	0.067167	0.05375	0.038125	0.07875	0.709302	0.0425255	0.0118309	99	25.9644	1.27938914314	0.0306946	1.33839348114	73.0356	-0.240775428395	-0.23117629169	0.00270135	0.00256112
ne	0	0	-0.0125	0.016807	10.246154	12.695299	4.112821	7.179487	16	-2.449145	-5.753846	-3.304701	6.133333	-5.515812	NA	NA	NA	NA	NA	NA	NA	NA	NA	NA	0.065468	0.05375	0.038125	0.07875	0.709302	NA	NA	NA	NA	NA	NA	NA	NA	-0.299618907583	-0.263449163501	0.0021637	0.00186682
ne	0.025	0.025	0.025	0.016807	10.296154	12.930397	4.114103	7.205128	17	-2.634243	-6.703846	-4.069603	6.182051	-5.725269	NA	NA	NA	NA	NA	NA	NA	NA	NA	NA	0.064356	0.05375	0.038125	0.07875	0.709302	NA	NA	NA	NA	NA	NA	NA	NA	-0.263959130636	-0.176320064387	0.00212459	0.00130297
ne	0.05	0.05	0.05	0.033898	9.134615	11.990004	7.634615	8.384615	17	-2.855389	-7.865385	-5.009996	1.5	-3.605389	NA	NA	NA	NA	NA	NA	NA	NA	NA	NA	0.058047	0.06125	0.03875	0.09125	0.632653	0.0253412	0.0105013	55	26.1629	0.880932470707	0.0148399	0.742990808518	28.8371	-0.0435812379766	-0.190540219268	0.00040097	0.00190949
ne	0	0	-0.1125	0.042042	9.084615	11.754906	7.633333	8.358974	16	-2.670291	-6.915385	-4.245094	1.451282	-3.395932	NA	NA	NA	NA	NA	NA	NA	NA	NA	NA	0.058917	0.06125	0.03875	0.09125	0.632653	NA	NA	NA	NA	NA	NA	NA	NA	0.106286036667	-0.0226410920845	0.00097165	0.00022215
ne	0	0	-0.0125	0.016807	7.428205	11.049612	9.187179	8.307692	16	-3.621407	-8.571795	-4.950388	-1.758974	-2.74192	NA	NA	NA	NA	NA	NA	NA	NA	NA	NA	0.107675	0.07	0.0475	0.1075	0.678571	NA	NA	NA	NA	NA	NA	NA	NA	0.00933103870256	-0.0437997937178	6.333e-05	0.00032332
ne	0	0	-0.025	0.033898	10.723077	12.930397	12.45641	11.589744	19	-2.20732	-8.276923	-6.069603	-1.733333	-1.340653	NA	NA	NA	NA	NA	NA	NA	NA	NA	NA	0.12718	0.0625	0.04	0.0925	0.64	NA	NA	NA	NA	NA	NA	NA	NA	0.232717627316	-0.111171981131	0.00201257	0.0011881
ne	0	0	-0.1125	0.078078	11.075641	13.165495	11.437179	11.25641	20	-2.089854	-8.924359	-6.834505	-0.361538	-1.909085	NA	NA	NA	NA	NA	NA	NA	NA	NA	NA	0.125777	0.0625	0.04	0.0925	0.64	NA	NA	NA	NA	NA	NA	NA	NA	0.449232827925	0.017930819061	0.00330077	0.00017878
ne	0.5	0.5	-0.1125	0.015345	10.562821	12.930397	11.232051	10.897436	23	-2.367576	-12.437179	-10.069603	-0.669231	-2.032961	6.426316	9.019828	5.889474	6.157895	18	-2.593512	-11.573684	-8.980172	0.536842	-2.861933	0.101757	0.0625	0.04	0.0925	0.64	0.0134348	0.0235066	31.7026	42.8132	-0.559432877317	0.0100718	-0.300447769806	11.1106	-0.146156102258	-0.344212557509	0.00087629	0.00267327
ne	0.025	0.025	0.025	0.016807	10.284615	11.049612	9.202564	9.74359	17	-0.764997	-6.715385	-5.950388	1.082051	-1.306022	NA	NA	NA	NA	NA	NA	NA	NA	NA	NA	0.137939	0.0725	0.05	0.11	0.689655	NA	NA	NA	NA	NA	NA	NA	NA	-0.428674028314	-0.354740048216	0.0041577	0.00333947
ne	0	0	-0.0125	0.016807	14.212821	15.04628	17.479487	15.846154	10	-0.83346	4.212821	5.04628	-3.266667	0.799874	NA	NA	NA	NA	NA	NA	NA	NA	NA	NA	0.201388	0.05375	0.04375	0.07375	0.813953	NA	NA	NA	NA	NA	NA	NA	NA	-0.329283147445	-0.133003332653	0.0039088	0.0014113
ne	0.075	0.075	0.075	0.051282	14.067949	15.751574	17.983333	16.025641	16	-1.683626	-1.932051	-0.248426	-3.915385	0.274067	11.333333	11.333333	12.666667	12	10	0	1.333333	1.333333	-1.333333	0.666667	0.175852	0.07	0.0475	0.1	0.678571	0.113782	0.0106652	75.3333	34.0443	2.36729823227	0.1031168	0.794259650425	41.289	-0.486907918752	-0.432654128022	0.00603683	0.00512595
ne	0.075	0.075	0.075	0.051282	12.579487	16.221771	15.010256	13.794872	21	-3.642284	-8.420513	-4.778229	-2.430769	-2.426899	11.333333	11.333333	12.666667	12	10	0	1.333333	1.333333	-1.333333	0.666667	0.170083	0.05375	0.038125	0.0725	0.709302	0.118515	0.0094219	82.6667	29.1336	2.53200276808	0.1090931	1.04292471345	53.5331	-0.630435311369	-0.510190863558	0.00753195	0.00555934
ne	0.8	0.2	0.05	0.003106	13.044872	16.691967	15.108974	14.076923	22	-3.647095	-8.955128	-5.308033	-2.064103	-2.615044	10.342742	11.918817	9.657258	10	15	-1.576075	-4.657258	-3.081183	0.685484	-1.918817	0.173008	0.05125	0.035625	0.07	0.695122	0.0108343	0.0465567	30.6472	57.1429	-1.45795389717	0.0357224	-0.62301384384	26.4957	-0.576698111557	-0.439247250056	0.00601029	0.00416237
ne	0.025	0.025	0.025	0.016807	13.339744	18.102556	16.044872	14.692308	26	-4.762812	-12.660256	-7.897444	-2.705128	-3.410248	NA	NA	NA	NA	NA	NA	NA	NA	NA	NA	0.161271	0.0525	0.03	0.0675	0.571429	NA	NA	NA	NA	NA	NA	NA	NA	-0.474754169862	-0.334450161198	0.0069511	0.0045278
ne	0.025	0.025	0.025	0.016807	13.429487	17.397261	15.852564	14.641026	25	-3.967774	-11.570513	-7.602739	-2.423077	-2.756236	NA	NA	NA	NA	NA	NA	NA	NA	NA	NA	0.15674	0.0475	0.031875	0.06	0.671053	NA	NA	NA	NA	NA	NA	NA	NA	-0.863016321405	-0.418114948406	0.01284849	0.00464474
ne	0.05	0.05	0.05	0.033898	12.270513	15.986673	12.29359	12.282051	25	-3.71616	-12.729487	-9.013327	-0.023077	-3.704621	NA	NA	NA	NA	NA	NA	NA	NA	NA	NA	0.146905	0.0475	0.031875	0.06	0.671053	0.049765	0.01007	121.5	27.7866	1.59775121897	0.039695	1.47536037268	93.7134	-0.87285655173	-0.54555785133	0.01303748	0.00663911
ne	0.05	0.05	0	0.008772	11.642308	14.576084	9.844872	10.74359	26	-2.933776	-14.357692	-11.423916	1.797436	-3.832494	NA	NA	NA	NA	NA	NA	NA	NA	NA	NA	0.108517	0.04875	0.033125	0.0675	0.679487	0.00693572	0.010233	22	30.1131	-0.38893292253	0.00329728	-0.313917839664	8.1131	-0.64399511791	-0.255839369049	0.00891997	0.00270833
ne	0.475	0.475	0.0375	0.011785	11.642308	14.576084	9.844872	10.74359	26	-2.933776	-14.357692	-11.423916	1.797436	-3.832494	6.923977	7.725083	6.520468	6.722222	8	-0.801106	-1.076023	-0.274917	0.403509	-1.002861	0.108517	0.04875	0.033125	0.0675	0.679487	0.0204251	0.016042	51.9912	33.4905	0.24155425375	0.0043831	0.439812656967	18.5007	-0.814873162075	-0.425966442072	0.01019388	0.00401378
ne	0	0	-0.0125	0.016807	11.075641	13.400593	11.642308	11.358974	20	-2.324952	-8.924359	-6.599407	-0.566667	-2.041619	NA	NA	NA	NA	NA	NA	NA	NA	NA	NA	0.106014	0.04625	0.03625	0.06125	0.783784	NA	NA	NA	NA	NA	NA	NA	NA	-0.452588455141	-0.397869919455	0.006932	0.0056681
ne	0.025	0.025	-0.0625	0.015625	10.544872	13.870789	10.326923	10.435897	20	-3.325918	-9.455128	-6.129211	0.217949	-3.434892	NA	NA	NA	NA	NA	NA	NA	NA	NA	NA	0.091748	0.04625	0.03625	0.06125	0.783784	NA	NA	NA	NA	NA	NA	NA	NA	-0.460333321606	-0.387822520436	0.0068271	0.0053144
ne	0	0	-0.0125	0.016807	10.841026	14.105888	10.389744	10.615385	20	-3.264862	-9.158974	-5.894112	0.451282	-3.490503	NA	NA	NA	NA	NA	NA	NA	NA	NA	NA	0.090382	0.04625	0.03625	0.06125	0.783784	NA	NA	NA	NA	NA	NA	NA	NA	-0.488025850335	-0.464184125698	0.0075586	0.006808
ne	0	0	-0.0375	0.017094	11.378205	14.340986	11.237179	11.307692	20	-2.962781	-8.621795	-5.659014	0.141026	-3.033293	NA	NA	NA	NA	NA	NA	NA	NA	NA	NA	0.114207	0.04625	0.03625	0.06125	0.783784	NA	NA	NA	NA	NA	NA	NA	NA	-0.560072506705	-0.483507055831	0.0090159	0.0070493
ne	0.025	0.025	-0.0375	0.026316	12.058974	15.516476	7.633333	9.846154	24	-3.457502	-11.941026	-8.483524	4.425641	-5.670323	NA	NA	NA	NA	NA	NA	NA	NA	NA	NA	0.117414	0.055	0.045	0.075	0.818182	NA	NA	NA	NA	NA	NA	NA	NA	-0.590067809063	-0.235395274795	0.0083761	0.0027206
ne	0.05	0.05	0.05	0.033898	12.35641	17.162163	17.079487	14.717949	21	-4.805753	-8.64359	-3.837837	-4.723077	-2.444215	NA	NA	NA	NA	NA	NA	NA	NA	NA	NA	0.158512	0.05125	0.04125	0.06625	0.804878	0.33293	0.0117674	200	40.8407	3.3425992614	0.3211626	1.58863823334	159.1593	-0.501852386846	-0.374098161128	0.007483	0.0048933
ne	0.025	0.025	0.025	0.016807	12.207692	16.691967	17.330769	14.769231	21	-4.484275	-8.792308	-4.308033	-5.123077	-1.922736	NA	NA	NA	NA	NA	NA	NA	NA	NA	NA	0.139641	0.06875	0.053125	0.1	0.772727	NA	NA	NA	NA	NA	NA	NA	NA	-0.565230325733	-0.468938940496	0.0077369	0.00594293
ne	0.475	0.475	0.0875	0.007429	14.576923	17.162163	17.935897	16.25641	22	-2.58524	-7.423077	-4.837837	-3.358974	-0.905753	9.602339	8.583426	11.842105	10.722222	7	1.018914	2.602339	1.583426	-2.239766	2.138797	0.152098	0.065	0.049375	0.09625	0.759615	NA	NA	49.0234	41.6262	NA	NA	0.163567958426	7.3972	-0.757302409229	-0.706852731017	0.00920382	0.00793268
ne	0	0	-0.0375	0.051282	16.624359	16.221771	13.375641	15	25	0.402588	-8.375641	-8.778229	3.248718	-1.221771	NA	NA	NA	NA	NA	NA	NA	NA	NA	NA	0.119969	0.06125	0.045625	0.08625	0.744898	NA	NA	NA	NA	NA	NA	NA	NA	-0.88817518343	-0.630669732828	0.0126184	0.00761783
ne	0.025	0.025	0.025	0.016807	16.383333	15.751574	13.308974	14.846154	23	0.631759	-6.616667	-7.248426	3.074359	-0.905421	NA	NA	NA	NA	NA	NA	NA	NA	NA	NA	0.122636	0.0575	0.041875	0.07625	0.728261	NA	NA	NA	NA	NA	NA	NA	NA	-0.656038920601	-0.530283224479	0.0106679	0.0077402
ne	0.2	0.2	-0.2	0.041875	11.598718	12.930397	8.35	9.974359	16	-1.331679	-4.401282	-3.069603	3.248718	-2.956038	3.071429	3.471074	4.357143	3.714286	4	-0.399646	-0.928571	-0.528926	-1.285714	0.243211	0.168802	0.06	0.029375	0.0775	0.489583	0.0413808	0.0184025	60.9464	27.381	0.810330480191	0.0229783	0.800145447173	33.5654	-0.103276014109	-0.136595060703	0.0013109	0.0018341
ne	0	0	-0.0125	0.016807	11.528205	12.695299	8.574359	10.051282	15	-1.167094	-3.471795	-2.304701	2.953846	-2.644017	NA	NA	NA	NA	NA	NA	NA	NA	NA	NA	0.153418	0.0525	0.03	0.0675	0.571429	NA	NA	NA	NA	NA	NA	NA	NA	-0.0499302300739	-0.166076054505	0.0007506	0.0027608
ne	0	0	-0.025	0.008475	12.662821	14.576084	13.747436	13.205128	19	-1.913263	-6.337179	-4.423916	-1.084615	-1.370956	NA	NA	NA	NA	NA	NA	NA	NA	NA	NA	0.142686	0.05625	0.03375	0.07875	0.6	NA	NA	NA	NA	NA	NA	NA	NA	-0.108733001265	-0.153014197439	0.0014002	0.0020941
ne	0	0	-0.0125	0.016807	16.476923	16.927065	9.574359	13.025641	23	-0.450142	-6.523077	-6.072935	6.902564	-3.901424	NA	NA	NA	NA	NA	NA	NA	NA	NA	NA	0.141098	0.0525	0.03	0.075	0.571429	NA	NA	NA	NA	NA	NA	NA	NA	0.0130287077384	-0.331263051164	0.00012691	0.0042707
ne	0	0	-0.075	0.026316	13.428205	15.516476	6.264103	9.846154	24	-2.088271	-10.571795	-8.483524	7.164103	-5.670323	NA	NA	NA	NA	NA	NA	NA	NA	NA	NA	0.112902	0.04625	0.03625	0.06125	0.783784	NA	NA	NA	NA	NA	NA	NA	NA	-0.00358971587273	-0.286788294766	3.79e-05	0.003755
ne	0	0	-0.0125	0.016807	9.020513	12.695299	2.979487	6	21	-3.674786	-11.979487	-8.304701	6.041026	-6.695299	NA	NA	NA	NA	NA	NA	NA	NA	NA	NA	0.117399	0.0425	0.036875	0.05375	0.867647	NA	NA	NA	NA	NA	NA	NA	NA	-0.105062670212	-0.308758251082	0.0024812	0.008266
ne	0	0	-0.0125	0.016807	11.328205	14.811182	5.184615	8.25641	18	-3.482977	-6.671795	-3.188818	6.14359	-6.554772	NA	NA	NA	NA	NA	NA	NA	NA	NA	NA	0.170861	0.05	0.034375	0.06875	0.6875	NA	NA	NA	NA	NA	NA	NA	NA	-0.286401384429	-0.411414697605	0.0058818	0.0092653
ne	0	0	-0.025	0.033898	11.942308	16.221771	7.391026	9.666667	18	-4.279463	-6.057692	-1.778229	4.551282	-6.555104	NA	NA	NA	NA	NA	NA	NA	NA	NA	NA	0.121334	0.04625	0.040625	0.0575	0.878378	NA	NA	NA	NA	NA	NA	NA	NA	-0.59179853516	-0.827370556753	0.0088088	0.0144472
ne	0.1	0.1	0.1	0.068966	10.934615	16.456869	7.885897	9.410256	22	-5.522253	-11.065385	-5.543131	3.048718	-7.046612	9	8.727273	5.666667	7.333333	10	0.272727	-1	-1.272727	3.333333	-1.393939	0.109008	0.0475	0.041875	0.05875	0.881579	0.0215456	0.0162368	34.5	29.4079	0.282891348386	0.0053088	0.159695978305	5.0921	-0.605129501604	-0.547830533245	0.011198	0.010126
ne	0	0	-0.0125	0.016807	10.25	15.986673	9.288462	9.769231	23	-5.736673	-12.75	-7.013327	0.961538	-6.217442	NA	NA	NA	NA	NA	NA	NA	NA	NA	NA	0.126297	0.0475	0.041875	0.05875	0.881579	NA	NA	NA	NA	NA	NA	NA	NA	-0.483198541164	-0.376105852524	0.0094516	0.0071354
ne	0	0	-0.125	0.050909	11.658974	17.162163	11.212821	11.435897	27	-5.503189	-15.341026	-9.837837	0.446154	-5.726266	NA	NA	NA	NA	NA	NA	NA	NA	NA	NA	0.15079	0.0375	0.031875	0.045	0.85	NA	NA	NA	NA	NA	NA	NA	NA	-0.367698399475	-0.14688325951	0.0054426	0.0018479
ne	0.025	0.025	0.025	0.016807	11.973077	17.162163	11.360256	11.666667	26	-5.189086	-14.026923	-8.837837	0.612821	-5.495497	NA	NA	NA	NA	NA	NA	NA	NA	NA	NA	0.151497	0.0375	0.031875	0.045	0.85	NA	NA	NA	NA	NA	NA	NA	NA	-0.0991177569381	0.0792025871383	0.0015154	0.0010789
ne	0.15	0.15	0.025	0.004808	11.973077	17.162163	11.360256	11.666667	26	-5.189086	-14.026923	-8.837837	0.612821	-5.495497	10.933333	10.948905	7.466667	9.2	13	-0.015572	-2.066667	-2.051095	3.466667	-1.748905	0.151497	0.0375	0.031875	0.045	0.85	0.0168749	0.0187204	26.8667	31.4242	-0.103786527527	0.0018455	-0.156690695175	4.5575	-0.169682222082	0.0121281700855	0.0024871	0.0001576
ne	0.175	0.175	0.175	0.123894	13.405128	17.632359	18.184615	15.794872	20	-4.227231	-6.594872	-2.367641	-4.779487	-1.837488	3.047619	3.673469	4.619048	3.833333	5	-0.62585	-1.952381	-1.326531	-1.571429	0.159864	0.182965	0.04	0.034375	0.05125	0.859375	0.0854072	0.011951	90.2619	21.8797	1.96661544949	0.0734562	1.41715617817	68.3822	-0.357014388791	-0.408818426998	0.00379134	0.0046861
ne	0	0	-0.0125	0.016807	12.689744	17.162163	16.848718	14.769231	20	-4.47242	-7.310256	-2.837837	-4.158974	-2.392932	NA	NA	NA	NA	NA	NA	NA	NA	NA	NA	0.160269	0.04	0.034375	0.05125	0.859375	NA	NA	NA	NA	NA	NA	NA	NA	-0.145136929785	-0.226895712489	0.0016763	0.0028348
ne	0.05	0.05	0.0125	0.003478	12.178205	16.927065	16.69359	14.435897	20	-4.74886	-7.821795	-3.072935	-4.515385	-2.491168	NA	NA	NA	NA	NA	NA	NA	NA	NA	NA	0.152209	0.04	0.034375	0.05125	0.859375	0.446134	0.011788	200	23.7809	3.63353729045	0.434346	2.12943462907	176.2191	-0.145804379308	-0.214794861211	0.0016784	0.0026353
ne	0	0	-0.0125	0.016807	11.508974	16.221771	15.10641	13.307692	20	-4.712796	-8.491026	-3.778229	-3.597436	-2.914078	NA	NA	NA	NA	NA	NA	NA	NA	NA	NA	0.157142	0.04	0.034375	0.05125	0.859375	NA	NA	NA	NA	NA	NA	NA	NA	-0.148213573159	-0.214731501996	0.0025782	0.0038328
ne	0.025	0.025	0.025	0.016807	11.532051	16.691967	14.878205	13.205128	21	-5.159916	-9.467949	-4.308033	-3.346154	-3.486839	NA	NA	NA	NA	NA	NA	NA	NA	NA	NA	0.162702	0.04125	0.035625	0.0525	0.863636	NA	NA	NA	NA	NA	NA	NA	NA	-0.531320427368	-0.514197515683	0.0080357	0.0073687
ne	0.025	0.025	0.025	0.016807	11.298718	16.691967	15.214103	13.25641	21	-5.393249	-9.701282	-4.308033	-3.915385	-3.435557	NA	NA	NA	NA	NA	NA	NA	NA	NA	NA	0.161185	0.03875	0.033125	0.05	0.854839	NA	NA	NA	NA	NA	NA	NA	NA	-0.228296663015	-0.138282346482	0.0031531	0.0018517
ne	0.075	0.075	-0.0125	0.067273	11.164103	15.751574	15.502564	13.333333	19	-4.587472	-7.835897	-3.248426	-4.338462	-2.418241	2.666667	2.666667	3.333333	3	2	0	0.666667	0.666667	-0.666667	0.333333	0.170987	0.0425	0.0325	0.0575	0.764706	0.103305	0.0123428	118.167	22.8101	2.12461288055	0.0909622	1.64489545785	95.3569	-0.298959461557	0.00988204823417	0.0039919	0.0001129
ne	0.025	0.025	0.025	0.016807	10.916667	12.930397	8.00641	9.461538	21	-2.01373	-10.083333	-8.069603	2.910256	-3.468859	NA	NA	NA	NA	NA	NA	NA	NA	NA	NA	0.049381	0.045	0.035	0.06	0.777778	NA	NA	NA	NA	NA	NA	NA	NA	-0.528027745369	-0.371101086776	0.0090337	0.0056097
ne	0	0	-0.0125	0.016807	11.238462	13.635691	7.941026	9.589744	21	-2.39723	-9.761538	-7.364309	3.297436	-4.045948	NA	NA	NA	NA	NA	NA	NA	NA	NA	NA	0.046173	0.045	0.035	0.06	0.777778	NA	NA	NA	NA	NA	NA	NA	NA	-0.410200065197	-0.352662717879	0.0060832	0.0049274
ne	0.05	0.05	0.05	0.033898	12.737179	15.751574	9.467949	11.102564	20	-3.014395	-7.262821	-4.248426	3.269231	-4.64901	NA	NA	NA	NA	NA	NA	NA	NA	NA	NA	0.123241	0.0375	0.031875	0.045	0.85	0.362927	0.0181419	200	29.1238	2.99597753201	0.3447851	1.92676165723	170.8762	-0.528875349512	-0.455382703078	0.0122791	0.0099573
ne	0	0	-0.0125	0.016807	11.601282	15.281378	8.45	10.025641	19	-3.680096	-7.398718	-3.718622	3.151282	-5.255737	NA	NA	NA	NA	NA	NA	NA	NA	NA	NA	0.122386	0.03875	0.033125	0.04625	0.854839	NA	NA	NA	NA	NA	NA	NA	NA	-0.353358936365	-0.355465503665	0.0079378	0.0078927
ne	0.025	0.025	0.025	0.016807	12.169231	15.281378	14.292308	13.230769	16	-3.112147	-3.830769	-0.718622	-2.123077	-2.050609	NA	NA	NA	NA	NA	NA	NA	NA	NA	NA	0.170384	0.0375	0.031875	0.045	0.85	NA	NA	NA	NA	NA	NA	NA	NA	-0.204096465331	-0.173901637842	0.0037692	0.0031726
ne	0.025	0.025	0.025	0.016807	12.779487	16.456869	18.707692	15.74359	14	-3.677382	-1.220513	2.456869	-5.928205	-0.713279	NA	NA	NA	NA	NA	NA	NA	NA	NA	NA	0.120706	0.03625	0.030625	0.04375	0.844828	NA	NA	NA	NA	NA	NA	NA	NA	-0.627209311301	-0.549272790262	0.0094701	0.0079482
ne	0.025	0.025	0.025	0.016807	13.935897	16.691967	23.089744	18.512821	12	-2.75607	1.935897	4.691967	-9.153846	1.820854	NA	NA	NA	NA	NA	NA	NA	NA	NA	NA	0.138716	0.03875	0.033125	0.04625	0.854839	NA	NA	NA	NA	NA	NA	NA	NA	-0.592524517611	-0.366038315491	0.00727227	0.00396982
ne	0	0	-0.0125	0.016807	13.601282	16.221771	20.603846	17.102564	14	-2.620489	-0.398718	2.221771	-7.002564	0.880793	NA	NA	NA	NA	NA	NA	NA	NA	NA	NA	0.1361	0.0375	0.031875	0.045	0.85	NA	NA	NA	NA	NA	NA	NA	NA	-0.489465082521	-0.323740489781	0.0070315	0.0041554
ne	0	0	-0.0125	0.016807	16.658974	17.632359	16.571795	16.615385	15	-0.973385	1.658974	2.632359	0.087179	-1.016975	NA	NA	NA	NA	NA	NA	NA	NA	NA	NA	0.179439	0.0525	0.036875	0.07125	0.702381	NA	NA	NA	NA	NA	NA	NA	NA	-0.0099500037387	-0.170742890543	0.0001816	0.0034336
ne	0	0	-0.0125	0.016807	14.126923	15.751574	12.078205	13.102564	13	-1.624651	1.126923	2.751574	2.048718	-2.64901	NA	NA	NA	NA	NA	NA	NA	NA	NA	NA	0.181752	0.04875	0.033125	0.0675	0.679487	NA	NA	NA	NA	NA	NA	NA	NA	-0.0458099326486	-0.115943236309	0.0005292	0.0014394
ne	0	0	-0.0125	0.016807	15.616667	16.691967	13.460256	14.538462	12	-1.0753	3.616667	4.691967	2.15641	-2.153505	NA	NA	NA	NA	NA	NA	NA	NA	NA	NA	0.17579	0.04125	0.035625	0.0525	0.863636	NA	NA	NA	NA	NA	NA	NA	NA	-0.309318593715	-0.519072065332	0.0050126	0.0099779
ne	0	0	-0.0125	0.016807	13.808974	15.516476	15.370513	14.589744	15	-1.707502	-1.191026	0.516476	-1.561538	-0.926733	NA	NA	NA	NA	NA	NA	NA	NA	NA	NA	0.163515	0.03875	0.033125	0.04625	0.854839	NA	NA	NA	NA	NA	NA	NA	NA	-0.274248423819	-0.483000164733	0.0035707	0.0071574
ne	0.075	0.075	0.075	0.051282	11.453846	14.105888	12.648718	12.051282	9	-2.652041	2.453846	5.105888	-1.194872	-2.054606	8.666667	8.666667	11.333333	10	6	0	2.666667	2.666667	-2.666667	1.333333	0.140894	0.0375	0.035	0.0425	0.933333	0.0376235	0.0172362	63.6667	28.9842	0.780617031858	0.0203873	0.786910809011	34.6825	-0.434836837595	-0.824384460285	0.008165	0.0199456
ne	0	0	-0.0125	0.016807	13.602564	15.986673	15.628205	14.615385	13	-2.384109	0.602564	2.986673	-2.025641	-1.371288	NA	NA	NA	NA	NA	NA	NA	NA	NA	NA	0.126726	0.035	0.0325	0.04	0.928571	NA	NA	NA	NA	NA	NA	NA	NA	-0.690467002934	-0.869833069462	0.0136195	0.0199698
ne	0	0	-0.0125	0.016807	15.516667	17.162163	16.329487	15.923077	13	-1.645497	2.516667	4.162163	-0.812821	-1.239086	NA	NA	NA	NA	NA	NA	NA	NA	NA	NA	0.127863	0.03625	0.03375	0.04125	0.931034	NA	NA	NA	NA	NA	NA	NA	NA	-0.559990455883	-0.840582957328	0.0104736	0.0190231
ne	0.575	0.425	-0.15	0.024691	19.533333	22.804518	26.517949	23.025641	23	-3.271185	-3.466667	-0.195482	-6.984615	0.221123	16.577075	15.172808	11.150198	13.863636	11	1.404267	5.577075	4.172808	5.426877	-1.309171	0.113365	0.04	0.034375	0.0475	0.859375	0.0100504	0.0162109	32.415	48.0662	-0.478071420781	0.0061605	-0.393957948771	15.6512	-1.02197968953	-1.30030240375	0.00987632	0.01588534
ne	0	0	-0.0125	0.016807	19.583333	23.274715	26.519231	23.051282	24	-3.691381	-4.416667	-0.725285	-6.935897	-0.223432	NA	NA	NA	NA	NA	NA	NA	NA	NA	NA	0.110541	0.04125	0.035625	0.04875	0.863636	NA	NA	NA	NA	NA	NA	NA	NA	-0.756715550433	-0.931606537537	0.0114622	0.0164947
ne	0	0	-0.0125	0.016807	16.047436	19.042948	6.260256	11.153846	28	-2.995512	-11.952564	-8.957052	9.787179	-7.889102	NA	NA	NA	NA	NA	NA	NA	NA	NA	NA	0.087707	0.03125	0.025625	0.03875	0.82	NA	NA	NA	NA	NA	NA	NA	NA	-0.351311866216	-0.313695639542	0.00380974	0.00329726
ne	0	0	-0.0125	0.016807	16.032051	19.042948	6.891026	11.461538	29	-3.010897	-12.967949	-9.957052	9.141026	-7.58141	NA	NA	NA	NA	NA	NA	NA	NA	NA	NA	0.083725	0.0325	0.026875	0.04	0.826923	NA	NA	NA	NA	NA	NA	NA	NA	-0.416595649306	-0.356169294673	0.00399741	0.00326692
ne	0.05	0.05	0.05	0.033898	16.082051	19.278046	7.712821	11.897436	30	-3.195995	-13.917949	-10.721954	8.369231	-7.38061	NA	NA	NA	NA	NA	NA	NA	NA	NA	NA	0.086626	0.0325	0.026875	0.04	0.826923	0.0240957	0.0079466	47	20.8457	1.10928923711	0.0161491	0.812999909747	26.1543	-0.489140463258	-0.406848207827	0.00461427	0.00364087
ne	0.5	0.5	-0.2125	0.044095	13.746154	17.867458	10.664103	12.205128	27	-4.121304	-13.253846	-9.132542	3.082051	-5.662329	11.615789	14.37535	8.278947	9.947368	17	-2.759561	-5.384211	-2.62465	3.336842	-4.427982	0.103845	0.0325	0.03	0.0375	0.923077	0.0166297	0.0136882	35.4026	30.3263	0.194656105533	0.0029415	0.154769940939	5.0763	-0.531840745249	-0.479661203418	0.00476758	0.00383152
ne	0.925	0.075	0.4	0.158073	11.161538	16.221771	11.812821	11.487179	27	-5.060232	-15.838462	-10.778229	-0.651282	-4.734591	10.537538	15.33096	8.684685	9.611111	27	-4.793422	-16.462462	-11.66904	1.852853	-5.719849	0.130969	0.03625	0.02625	0.04625	0.724138	0.0144691	0.0203358	33.2965	43.6667	-0.340367538564	0.0058667	-0.271133511534	10.3702	0.381087820544	0.572084310732	0.00374092	0.00484615
ne	0	0	-0.0125	0.016807	10.341026	17.867458	15.607692	12.974359	30	-7.526432	-19.658974	-12.132542	-5.266667	-4.893099	NA	NA	NA	NA	NA	NA	NA	NA	NA	NA	0.160048	0.03	0.0275	0.035	0.916667	NA	NA	NA	NA	NA	NA	NA	NA	-0.0293363940596	-0.115587582743	0.0003842	0.0015837
ne	0.025	0.025	-0.3125	0.126553	9.816667	16.927065	12.491026	11.153846	27	-7.110398	-17.183333	-10.072935	-2.674359	-5.773219	NA	NA	NA	NA	NA	NA	NA	NA	NA	NA	0.130642	0.03375	0.028125	0.04125	0.833333	NA	NA	NA	NA	NA	NA	NA	NA	0.127782104547	-0.0145293929396	0.00120178	0.000147
ne	0.175	0.175	-0.2375	0.056875	10.094872	16.927065	12.571795	11.333333	26	-6.832193	-15.905128	-9.072935	-2.476923	-5.593732	4.761905	4.489796	3.571429	4.166667	4	0.272109	0.761905	0.489796	1.190476	-0.323129	0.130909	0.03375	0.028125	0.04125	0.833333	0.0279729	0.0140099	58.619	33.5795	0.691471961791	0.013963	0.55714311439	25.0395	0.226848516736	0.0236070997897	0.00195612	0.00022945
ne	0.025	0.025	0.025	0.016807	10.194872	17.397261	12.574359	11.384615	28	-7.20239	-17.805128	-10.602739	-2.379487	-6.012646	NA	NA	NA	NA	NA	NA	NA	NA	NA	NA	0.127419	0.03375	0.028125	0.04125	0.833333	NA	NA	NA	NA	NA	NA	NA	NA	0.176165040218	0.0280892713653	0.0022577	0.0003908
ne	0	0	-0.0125	0.016807	9.779487	15.986673	12.271795	11.025641	23	-6.207185	-13.220513	-7.013327	-2.492308	-4.961032	NA	NA	NA	NA	NA	NA	NA	NA	NA	NA	0.163483	0.03875	0.033125	0.05	0.854839	NA	NA	NA	NA	NA	NA	NA	NA	-0.00919354573985	0.0226261781464	0.00011	0.000263
ne	0.925	0.075	0.2625	0.148889	8.001282	12.460201	4.870513	6.435897	17	-4.458919	-8.998718	-4.539799	3.130769	-6.024303	7.348348	11.977312	3.040541	5.194444	21	-4.628964	-13.651652	-9.022688	4.307808	-6.782868	0.091963	0.0425	0.0325	0.0575	0.764706	0.0222077	0.0580657	39.455	96.1667	-0.961136052493	0.035858	-0.890922361927	56.7117	0.526802050793	0.294209329364	0.0072362	0.0045392
ne	0	0	-0.0125	0.016807	7.982051	12.695299	5.04359	6.512821	16	-4.713248	-8.017949	-3.304701	2.938462	-6.182478	NA	NA	NA	NA	NA	NA	NA	NA	NA	NA	0.106575	0.0625	0.031875	0.0975	0.51	NA	NA	NA	NA	NA	NA	NA	NA	0.154479010942	0.149952975303	0.002965	0.0029054
ne	0.05	0.05	0.05	0.033898	7.982051	12.695299	5.04359	6.512821	16	-4.713248	-8.017949	-3.304701	2.938462	-6.182478	NA	NA	NA	NA	NA	NA	NA	NA	NA	NA	0.106575	0.0625	0.031875	0.0975	0.51	NA	NA	200	42.6643	NA	NA	1.54495486158	157.3357	0.0565018842968	0.0521203015084	0.0010269	0.0009574
ne	0.05	0.05	-0.375	0.14881	15.769231	16.221771	13.871795	14.820513	23	-0.45254	-7.230769	-6.778229	1.897436	-1.401258	NA	NA	NA	NA	NA	NA	NA	NA	NA	NA	0.104989	0.04125	0.035625	0.04875	0.863636	0.139207	0.0146257	200	30.0149	2.25318177877	0.1245813	1.89662344152	169.9851	0.306970938516	0.209967208989	0.0032981	0.0024085
ne	0.325	0.325	0.025	0.018235	16.771795	16.927065	14.715385	15.74359	25	-0.15527	-8.228205	-8.072935	2.05641	-1.183475	13.871795	12.889876	14.628205	14.25	10	0.981919	3.871795	2.889876	-0.75641	1.360124	0.116503	0.03875	0.03625	0.04375	0.935484	0.0150802	0.0149366	34.3974	34.5897	0.00956804826079	0.0001436	-0.00557496975699	0.1923	-0.227618153234	-0.600503382954	0.00158996	0.0059001
ne	0.025	0.025	0.025	0.016807	17.103846	17.632359	14.742308	15.923077	26	-0.528513	-8.896154	-8.367641	2.361538	-1.709283	NA	NA	NA	NA	NA	NA	NA	NA	NA	NA	0.126483	0.03875	0.03625	0.04375	0.935484	NA	NA	NA	NA	NA	NA	NA	NA	-0.317821758884	-0.600179159771	0.00235962	0.00617473
ne	0	0	-0.0125	0.016807	23.379487	22.804518	21.441026	22.410256	26	0.574969	-2.620513	-3.195482	1.938462	-0.394262	NA	NA	NA	NA	NA	NA	NA	NA	NA	NA	0.146511	0.04	0.03	0.05	0.75	NA	NA	NA	NA	NA	NA	NA	NA	-0.637433527863	-0.738658731817	0.00875198	0.0109904
ne	0.05	0.05	-0.0875	0.018692	22.760256	23.039616	23.444872	23.102564	27	-0.27936	-4.239744	-3.960384	-0.684615	0.062948	NA	NA	NA	NA	NA	NA	NA	NA	NA	NA	0.150443	0.04	0.03	0.05	0.75	NA	NA	200	22.9203	NA	NA	2.16629438578	177.0797	-0.558738617406	-0.66706109433	0.00725356	0.00937091
ne	0.875	0.125	-0.0125	0.001348	17.575641	21.629028	19.603846	18.589744	18	-4.053387	-0.424359	3.629028	-2.028205	-3.039284	13.660504	18.211796	15.633613	14.647059	18	-4.551292	-4.339496	0.211796	-1.973109	-3.564737	0.206423	0.0375	0.031875	0.045	0.85	0.00981585	0.146201	28.2042	167.1	-2.70098396112	0.13638515	-1.77912153258	138.8958	-0.897523526939	-0.882793418936	0.01331623	0.01216181
ne	0.675	0.325	-0.2375	0.097	16.691026	18.572752	13.308974	15	24	-1.881726	-7.308974	-5.427248	3.382051	-3.572752	16.05698	17.1232	12.712251	14.384615	18	-1.06622	-1.94302	-0.8768	3.344729	-2.738585	0.134894	0.03625	0.030625	0.04375	0.844828	0.0117404	0.0292412	26.3689	46.8654	-0.912542788341	0.0175008	-0.57509437789	20.4965	-0.890386523745	-0.95595586839	0.01035963	0.01187265
ne	0.125	0.125	0.125	0.086957	18.79359	18.337654	16.334615	17.564103	15	0.455936	3.79359	3.337654	2.458974	-0.773551	7.8	8.64	19.2	13.5	4	-0.84	3.8	4.64	-11.4	4.86	0.143336	0.04125	0.035625	0.0525	0.863636	0.108451	0.00879529	111.75	18.7672	2.51208210714	0.09965571	1.78415356824	92.9828	-0.712484343673	-0.768640060569	0.00726232	0.00802776
ne	0.1	0.1	0.1	0.068966	17.729487	17.632359	15.45	16.589744	14	0.097128	3.729487	3.632359	2.279487	-1.042616	4.666667	4.909091	6	5.333333	5	-0.242424	-0.333333	-0.090909	-1.333333	0.424242	0.138738	0.04625	0.03625	0.06125	0.783784	NA	NA	122.917	20.0167	NA	NA	1.81494240571	102.9003	-0.650548507236	-0.709706103275	0.00681574	0.0076065
ne	0	0	-0.0125	0.016807	19.170513	18.572752	16.367949	17.769231	14	0.597761	5.170513	4.572752	2.802564	-0.803521	NA	NA	NA	NA	NA	NA	NA	NA	NA	NA	0.149591	0.04625	0.03625	0.06125	0.783784	NA	NA	NA	NA	NA	NA	NA	NA	-0.624483361364	-0.690549135088	0.00625686	0.00728086
ne	0	0	-0.075	0.026316	20.761538	19.278046	15.751282	18.25641	15	1.483492	5.761538	4.278046	5.010256	-1.021636	NA	NA	NA	NA	NA	NA	NA	NA	NA	NA	0.159358	0.045	0.035	0.06	0.777778	NA	NA	NA	NA	NA	NA	NA	NA	-0.243099413488	-0.235491687558	0.00166267	0.0015919
ne	0.35	0.35	0.25	0.092764	17.488462	17.632359	11.79359	14.641026	21	-0.143898	-3.511538	-3.367641	5.694872	-2.991334	10.615385	11.320279	11.846154	11.230769	12	-0.704894	-1.384615	-0.679721	-1.230769	-0.089509	0.133738	0.04375	0.03375	0.05875	0.771429	0.0355601	0.0221381	65.5824	41.6508	0.473924116717	0.013422	0.453986791159	23.9316	-0.0571288497623	-0.060909236034	0.0005966	0.0006502
ne	0	0	-0.05	0.030172	15.839744	15.516476	16.108974	15.974359	19	0.323267	-3.160256	-3.483524	-0.269231	0.457883	NA	NA	NA	NA	NA	NA	NA	NA	NA	NA	0.206081	0.04875	0.03875	0.06875	0.794872	NA	NA	NA	NA	NA	NA	NA	NA	-0.257376791408	-0.359863431052	0.0032986	0.0049029
ne	0.025	0.025	0.025	0.016807	24.260256	19.042948	30.252564	27.25641	16	5.217308	8.260256	3.042948	-5.992308	8.213462	NA	NA	NA	NA	NA	NA	NA	NA	NA	NA	0.36712	0.055	0.045	0.075	0.818182	NA	NA	NA	NA	NA	NA	NA	NA	-0.10479595544	0.0449287127998	0.0015308	0.0005679
ne	0	0	-0.1875	0.148571	24.260256	19.042948	30.252564	27.25641	16	5.217308	8.260256	3.042948	-5.992308	8.213462	NA	NA	NA	NA	NA	NA	NA	NA	NA	NA	0.36712	0.055	0.045	0.075	0.818182	NA	NA	NA	NA	NA	NA	NA	NA	-0.0397344106279	0.184770146095	0.0005604	0.0022047
ne	0.625	0.375	0.575	0.403183	23.194872	18.80785	29.728205	26.461538	17	4.387022	6.194872	1.80785	-6.533333	7.653688	18.553333	13.771339	22.78	20.666667	7	4.781994	11.553333	6.771339	-4.226667	6.895328	0.357773	0.055	0.045	0.075	0.818182	0.0328703	0.0240034	51.5933	41.4238	0.314374027517	0.0088669	0.219536224217	10.1695	0.0409162741064	-0.118836259242	0.0004536	0.0014915
ne	0.7	0.3	0.4875	0.236444	23.087179	19.513145	33.220513	28.153846	18	3.574035	5.087179	1.513145	-10.133333	8.640702	19.595238	13.876551	20.626984	20.111111	9	5.718687	10.595238	4.876551	-1.031746	6.23456	0.3557	0.055	0.045	0.075	0.818182	0.0255515	0.0403181	43.4524	51.6742	-0.456104476296	0.0147666	-0.173292537985	8.2218	0.0104327005902	-0.120647533362	0.0001217	0.0015059
ne	0.575	0.425	-0.375	0.21645	21.467949	19.748243	31.096154	26.282051	21	1.719706	0.467949	-1.251757	-9.628205	6.533809	18.727273	18.695067	30.454545	24.590909	17	0.032206	1.727273	1.695067	-11.727273	5.895842	0.316284	0.06	0.044375	0.085	0.739583	0.0208055	0.0333371	44.9209	54.8162	-0.471453516105	0.0125316	-0.199082605416	9.8953	-0.442104824748	-0.42115026385	0.00472567	0.00421586
ne	0.225	0.225	0.1	0.016675	21.069231	19.278046	27.95641	24.512821	20	1.791184	1.069231	-0.721954	-6.887179	5.234774	5.944444	6.990802	14.555556	10.25	6	-1.046357	-0.055556	0.990802	-8.611111	3.259198	0.316464	0.06	0.044375	0.085	0.739583	0.0528284	0.0121949	94.2222	27.1043	1.46603109334	0.0406335	1.24596343572	67.1179	-0.526220302602	-0.582903968348	0.00441437	0.00518179
ne	0.425	0.425	-0.05	0.008951	21.45	19.513145	28.139744	24.794872	20	1.936855	1.45	-0.486855	-6.689744	5.281727	16.014706	18.33924	38.860294	27.4375	16	-2.324534	0.014706	2.33924	-22.845588	9.09826	0.323035	0.0575	0.041875	0.0825	0.728261	0.0295932	0.0286816	52.6654	58.7154	0.0312888030275	0.0009116	-0.108743349926	6.05	-0.134508191894	-0.111213623346	0.0014769	0.0011855
ne	0	0	-0.0125	0.016807	12.317949	15.281378	15.271795	13.794872	16	-2.96343	-3.682051	-0.718622	-2.953846	-1.486506	NA	NA	NA	NA	NA	NA	NA	NA	NA	NA	0.124147	0.065	0.049375	0.09	0.759615	NA	NA	NA	NA	NA	NA	NA	NA	-0.328470123985	-0.333230801892	0.0061862	0.0061974
ne	0	0	-0.05	0.030172	12.412821	15.04628	13.946154	13.179487	15	-2.63346	-2.587179	0.04628	-1.533333	-1.866793	NA	NA	NA	NA	NA	NA	NA	NA	NA	NA	0.112	0.055	0.045	0.07	0.818182	NA	NA	NA	NA	NA	NA	NA	NA	-0.19894597253	-0.0875602312298	0.0034674	0.001414
ne	0.05	0.05	0.05	0.033898	15.339744	17.632359	14.967949	15.153846	17	-2.292616	-1.660256	0.632359	0.371795	-2.478513	NA	NA	NA	NA	NA	NA	NA	NA	NA	NA	0.131194	0.05	0.04	0.065	0.8	0.00750297	0.0172017	13	33.303	-0.82970927399	0.00969873	-0.940698125557	20.303	-0.220456209789	-0.23484267039	0.0036302	0.0037984
ne	0	0	-0.2125	0.083381	15.148718	16.221771	9.876923	12.512821	16	-1.073053	-0.851282	0.221771	5.271795	-3.70895	NA	NA	NA	NA	NA	NA	NA	NA	NA	NA	0.14626	0.0475	0.0375	0.0625	0.789474	NA	NA	NA	NA	NA	NA	NA	NA	-0.378883483208	-0.423382517719	0.0047093	0.00510133
ne	0.025	0.025	0.025	0.016807	14.869231	15.281378	6.15641	10.512821	14	-0.412147	0.869231	1.281378	8.712821	-4.768558	NA	NA	NA	NA	NA	NA	NA	NA	NA	NA	0.154396	0.04875	0.03875	0.06375	0.794872	NA	NA	NA	NA	NA	NA	NA	NA	-0.664882777493	-0.750557597767	0.00872645	0.00998976
ne	0.15	0.15	0	0.003268	13.615385	14.340986	5.564103	9.589744	14	-0.725601	-0.384615	0.340986	8.051282	-4.751242	6	5.255474	4.4	5.2	2	0.744526	4	3.255474	1.6	-0.055474	0.159041	0.04875	0.03875	0.06375	0.794872	0.0653522	0.010971	45.1333	23.6328	1.78453567655	0.0543812	0.646984755638	21.5005	-0.674059853083	-0.766977331458	0.00816619	0.00945383
ne	0.05	0.05	0.05	0.033898	14.237179	14.811182	6.737179	10.487179	17	-0.574002	-2.762821	-2.188818	7.5	-4.324002	NA	NA	NA	NA	NA	NA	NA	NA	NA	NA	0.14117	0.045	0.035	0.06	0.777778	0.0520604	0.0144014	80	24.7838	1.2850791589	0.037659	1.17183642075	55.2162	-0.379689947647	-0.617019919963	0.0060541	0.0116306
ne	0	0	-0.0125	0.016807	12.915385	14.576084	11.7	12.307692	20	-1.660699	-7.084615	-5.423916	1.215385	-2.268392	NA	NA	NA	NA	NA	NA	NA	NA	NA	NA	0.078526	0.0575	0.026875	0.075	0.467391	NA	NA	NA	NA	NA	NA	NA	NA	-0.323044417634	-0.274887183439	0.0066119	0.0052988
ne	0	0	-0.0375	0.051282	12.915385	14.576084	11.7	12.307692	20	-1.660699	-7.084615	-5.423916	1.215385	-2.268392	NA	NA	NA	NA	NA	NA	NA	NA	NA	NA	0.078526	0.0575	0.026875	0.075	0.467391	NA	NA	NA	NA	NA	NA	NA	NA	-0.323044417634	-0.298743989582	0.0066119	0.005843
ne	0.075	0.075	0.075	0.051282	12.024359	14.811182	11.514103	11.769231	20	-2.786823	-7.975641	-5.188818	0.510256	-3.041951	5.333333	5.333333	6.666667	6	4	0	1.333333	1.333333	-1.333333	0.666667	0.070577	0.05875	0.028125	0.07625	0.478723	0.191589	0.0134699	90.8333	22.2125	2.65489488613	0.1781191	1.40837076498	68.6208	-0.531870183662	-0.751235263751	0.00694237	0.01103043
ne	0.475	0.475	0.3375	0.14	13.114103	15.04628	12.475641	12.794872	17	-1.932178	-3.885897	-1.95372	0.638462	-2.251408	6.865497	8.86954	15.578947	11.222222	11	-2.004043	-4.134503	-2.13046	-8.71345	2.352682	0.093449	0.07	0.03	0.11	0.428571	0.0643973	0.0149219	70.8363	30.0905	1.46224177425	0.0494754	0.856162073852	40.7458	-0.506587624714	-0.604677298697	0.0077519	0.0097616
ne	0	0	-0.0125	0.016807	10.815385	12.460201	5.287179	8.051282	19	-1.644816	-8.184615	-6.539799	5.528205	-4.408919	NA	NA	NA	NA	NA	NA	NA	NA	NA	NA	0.118309	0.06375	0.033125	0.09	0.519608	NA	NA	NA	NA	NA	NA	NA	NA	-0.772495332298	-0.662967486085	0.0153615	0.0124936
ne	0.025	0.025	0.025	0.016807	11.125641	13.165495	5.079487	8.102564	20	-2.039854	-8.874359	-6.834505	6.046154	-5.062931	NA	NA	NA	NA	NA	NA	NA	NA	NA	NA	0.111123	0.06375	0.033125	0.09	0.519608	NA	NA	NA	NA	NA	NA	NA	NA	-0.997612918116	-0.907699281502	0.0180191	0.0152828
ne	0	0	-0.0125	0.016807	12.15	13.400593	6.260256	9.205128	21	-1.250593	-8.85	-7.599407	5.889744	-4.195465	NA	NA	NA	NA	NA	NA	NA	NA	NA	NA	0.112953	0.0675	0.036875	0.1025	0.546296	NA	NA	NA	NA	NA	NA	NA	NA	-0.846472654753	-0.833529905905	0.0179856	0.0170396
ne	0.025	0.025	0.0125	0.008475	12.880769	13.635691	6.965385	9.923077	22	-0.754922	-9.119231	-8.364309	5.915385	-3.712614	NA	NA	NA	NA	NA	NA	NA	NA	NA	NA	0.137053	0.07	0.039375	0.105	0.5625	NA	NA	NA	NA	NA	NA	NA	NA	-0.929594425436	-0.85808322345	0.0203608	0.0173476
ne	0.175	0.175	0.1625	0.095982	12.353846	12.695299	6.723077	9.538462	16	-0.341453	-3.646154	-3.304701	5.630769	-3.156837	6.380952	5.714286	7.619048	7	3	0.666667	3.380952	2.714286	-1.238095	1.285714	0.160621	0.07	0.039375	0.105	0.5625	0.039614	0.019168	63.9048	33.9915	0.725940369202	0.020446	0.631283982572	29.9133	-0.523575316214	-0.397799811988	0.0069077	0.00485902
ne	0.5	0.5	-0.45	0.28125	12.211538	12.460201	6.711538	9.461538	16	-0.248662	-3.788462	-3.539799	5.5	-2.998662	6.521053	7.892349	5.373684	5.947368	14	-1.371296	-7.478947	-6.107651	1.147368	-1.944981	0.163537	0.07	0.039375	0.105	0.5625	0.0289697	0.039599	56.3605	42.9632	-0.312553409229	0.0106293	0.271424623209	13.3973	-0.451194437185	-0.422576847516	0.0058041	0.0053049
ne	0	0	-0.0125	0.016807	12.544872	12.225103	8.019231	10.282051	17	0.319769	-4.455128	-4.774897	4.525641	-1.943051	NA	NA	NA	NA	NA	NA	NA	NA	NA	NA	0.157179	0.06625	0.035625	0.0925	0.537736	NA	NA	NA	NA	NA	NA	NA	NA	-0.16664628299	-0.112600297894	0.0025796	0.0015714
ne	0.55	0.45	0.225	0.048611	13.526923	12.460201	9.29359	11.410256	16	1.066722	-2.473077	-3.539799	4.233333	-1.049944	11.818182	10.149893	9.515152	10.666667	9	1.668289	2.818182	1.149893	2.30303	0.516774	0.171597	0.06625	0.035625	0.0925	0.537736	0.0199447	0.0554725	31.1342	56.0163	-1.02292395858	0.0355278	-0.587335826372	24.8821	-0.464170854036	-0.409026916243	0.00566136	0.00466618
ne	0.05	0.05	0.05	0.033898	13.383333	12.460201	9.95	11.666667	15	0.923133	-1.616667	-2.539799	3.433333	-0.793534	NA	NA	NA	NA	NA	NA	NA	NA	NA	NA	0.16819	0.06375	0.033125	0.09	0.519608	0.0439649	0.0152094	77	28.5889	1.06147793053	0.0287555	0.990786891251	48.4111	-0.337838206562	-0.332428934699	0.0045575	0.0042582
ne	0.45	0.45	0.05	0.004	10.871795	12.930397	12	11.435897	21	-2.058602	-10.128205	-8.069603	-1.128205	-1.4945	6.313725	6.977652	4.745098	5.529412	9	-0.663926	-2.686275	-2.022348	1.568627	-1.44824	0.123658	0.05125	0.035625	0.07	0.695122	0.065873	0.0159038	59.085	29.368	1.42117057149	0.0499692	0.699071438896	29.717	-0.339903993739	-0.232039386039	0.0041165	0.00251012
ne	0	0	-0.0125	0.016807	9.798718	13.400593	11.89359	10.846154	24	-3.601875	-14.201282	-10.599407	-2.094872	-2.554439	NA	NA	NA	NA	NA	NA	NA	NA	NA	NA	0.099254	0.0525	0.036875	0.07125	0.702381	NA	NA	NA	NA	NA	NA	NA	NA	-0.0560316768875	-0.0343565879239	0.0008214	0.0004892
ne	0.125	0.125	0.0875	0.029018	11.501282	15.04628	13.370513	12.435897	27	-3.544998	-15.498718	-11.95372	-1.869231	-2.610383	4.4	5.28	5.6	5	8	-0.88	-3.6	-2.72	-1.2	-0.28	0.109739	0.05	0.034375	0.06875	0.6875	NA	NA	120.3	30.8185	NA	NA	1.36187346397	89.4815	-0.206558248399	-0.227603540705	0.0032395	0.0035897
ne	0.025	0.025	0.025	0.016807	10.780769	14.105888	12.347436	11.564103	24	-3.325118	-13.219231	-9.894112	-1.566667	-2.541785	NA	NA	NA	NA	NA	NA	NA	NA	NA	NA	0.11075	0.05375	0.038125	0.07875	0.709302	NA	NA	NA	NA	NA	NA	NA	NA	-0.168962163277	-0.203156966526	0.0026623	0.0032478
ne	0	0	-0.0125	0.016807	10.810256	13.400593	12.574359	11.692308	21	-2.590337	-10.189744	-7.599407	-1.764103	-1.708286	NA	NA	NA	NA	NA	NA	NA	NA	NA	NA	0.118726	0.05375	0.038125	0.07875	0.709302	NA	NA	NA	NA	NA	NA	NA	NA	-0.438998739234	-0.523750709291	0.0060165	0.0075465
ne	0.025	0.025	0.025	0.016807	16.987179	18.337654	17.064103	17.025641	29	-1.350474	-12.012821	-10.662346	-0.076923	-1.312013	NA	NA	NA	NA	NA	NA	NA	NA	NA	NA	0.15416	0.06125	0.030625	0.0875	0.5	NA	NA	NA	NA	NA	NA	NA	NA	-0.245331961077	-0.249620009895	0.0033118	0.0033477
ne	0.05	0.05	0.05	0.033898	18.233333	19.278046	18.279487	18.25641	30	-1.044713	-11.766667	-10.721954	-0.046154	-1.021636	NA	NA	NA	NA	NA	NA	NA	NA	NA	NA	0.163176	0.06	0.029375	0.08625	0.489583	0.0121948	0.0116735	30	30.7084	0.043688315726	0.0005213	-0.0233388511402	0.7084	-0.250548731459	-0.229933333653	0.0026784	0.00240155
ne	0.225	0.225	-0.2125	0.04366	17.919231	19.278046	20.080769	19	31	-1.358816	-13.080769	-11.721954	-2.161538	-0.278046	5.555556	6.622865	9.444444	7.5	7	-1.067309	-1.444444	-0.377135	-3.888889	0.877135	0.168044	0.0625	0.031875	0.08875	0.51	0.041954	0.0163792	81.0139	38.2118	0.940561542793	0.0255748	0.751476376452	42.8021	0.0533385797471	-0.0352698413046	0.00039513	0.00028185
ne	0.025	0.025	-0.075	0.042042	14.533333	15.751574	7.312821	10.923077	17	-1.218241	-2.466667	-1.248426	7.220513	-4.828498	NA	NA	NA	NA	NA	NA	NA	NA	NA	NA	0.097291	0.07	0.039375	0.105	0.5625	NA	NA	NA	NA	NA	NA	NA	NA	0.157436134626	0.350334604889	0.0023271	0.0048763
ne	0.25	0.25	0.25	0.181818	14.174359	15.516476	7.261538	10.717949	18	-1.342117	-3.825641	-2.483524	6.912821	-4.798528	2.977778	3.888343	1.911111	2.444444	6	-0.910566	-3.022222	-2.111657	1.066667	-1.443899	0.083156	0.07	0.039375	0.105	0.5625	NA	NA	121.433	29.1448	NA	NA	1.42708616112	92.2882	-0.351796561569	-0.285161226848	0.00381896	0.00324777
