sclass	DAF_1	MAF_1	DDAF_1	FST_1	ThetaPi_1	ThetaS_1	ThetaH_1	ThetaL_1	ThetaXi_1	TajD_1	FuLiF_1	FuLiD_1	FayWuH_1	ZengE_1	Theta1Pi_1	Theta1S_1	Theta1H_1	Theta1L_1	Theta1Xi_1	TajD1_1	FuLiF1_1	FuLiD1_1	FayWuH1_1	ZengE1_1	ZA_1	H1_1	H2_1	H12_1	H2.H1_1	iHH1_1	iHH0_1	SL1_1	SL0_1	iHS_1	DiHH_1	nSL_1	DnSL_1	XPEHH_12	XPEHH_13	DXPEHH_12	DXPEHH_13
hl	0.925	0.075	0.225	0.066906	2.944872	8.463533	21.20897	12.07692	22	-5.518661	-19.05513	-13.53647	-18.2641	3.613391	1.024024	4.311832	13.64264	7.333333	10	-3.287808	-8.975976	-5.688168	-12.61862	3.021501	0.275369	0.4975	0.0075	0.5325	0.015075	NA	NA	130.004	12	NA	NA	2.382659	118.004	1.875953	1.540759	0.05287982	0.0480085
hl	0	0	-0.075	0.026316	3.569231	9.639023	20.84103	12.20513	23	-6.069792	-19.43077	-13.36098	-17.2718	2.566105	NA	NA	NA	NA	NA	NA	NA	NA	NA	NA	0.294529	0.4025	0.011875	0.465	0.029503	NA	NA	NA	NA	NA	NA	NA	NA	1.409658	1.449699	0.0493804	0.047216
hl	0.025	0.025	-0.0625	0.029018	3.569231	9.639023	20.84103	12.20513	23	-6.069792	-19.43077	-13.36098	-17.2718	2.566105	NA	NA	NA	NA	NA	NA	NA	NA	NA	NA	0.294529	0.4025	0.011875	0.465	0.029503	NA	NA	NA	NA	NA	NA	NA	NA	1.447015	1.48909	0.0496747	0.0474806
hl	0	0	-0.075	0.026316	3.569231	9.639023	20.84103	12.20513	23	-6.069792	-19.43077	-13.36098	-17.2718	2.566105	NA	NA	NA	NA	NA	NA	NA	NA	NA	NA	0.294529	0.4025	0.011875	0.465	0.029503	NA	NA	NA	NA	NA	NA	NA	NA	1.501626	1.535257	0.0505208	0.0481388
hl	0	0	-0.0125	0.016807	3.292308	9.168827	15.68205	9.487179	21	-5.876519	-17.70769	-11.83117	-12.38974	0.318353	NA	NA	NA	NA	NA	NA	NA	NA	NA	NA	0.229507	0.3175	0.015	0.3725	0.047244	NA	NA	NA	NA	NA	NA	NA	NA	1.023491	0.9793748	0.0407095	0.0386988
hl	0	0	-0.0125	0.016807	2.461538	8.698631	3.794872	3.128205	25	-6.237092	-22.53846	-16.30137	-1.333333	-5.570426	NA	NA	NA	NA	NA	NA	NA	NA	NA	NA	0.118772	0.3175	0.015	0.3725	0.047244	NA	NA	NA	NA	NA	NA	NA	NA	0.833075	0.8874059	0.0288595	0.0300331
hl	0	0	-0.1375	0.081735	2.451282	8.463533	5.446154	3.948718	25	-6.012251	-22.54872	-16.53647	-2.994872	-4.514815	NA	NA	NA	NA	NA	NA	NA	NA	NA	NA	0.096314	0.31875	0.01625	0.37375	0.05098	NA	NA	NA	NA	NA	NA	NA	NA	1.0574	1.228119	0.0315625	0.0341989
hl	0	0	-0.025	0.033898	2.396154	8.228434	7.19359	4.794872	25	-5.832281	-22.60385	-16.77157	-4.797436	-3.433563	NA	NA	NA	NA	NA	NA	NA	NA	NA	NA	0.093994	0.3475	0.016875	0.43375	0.048561	NA	NA	NA	NA	NA	NA	NA	NA	1.04764	0.9794763	0.0381727	0.0367179
hl	0	0	-0.0125	0.016807	2.135897	6.817846	8.838462	5.487179	20	-4.681948	-17.8641	-13.18215	-6.702564	-1.330666	NA	NA	NA	NA	NA	NA	NA	NA	NA	NA	0.096165	0.43375	0.01125	0.49875	0.025937	NA	NA	NA	NA	NA	NA	NA	NA	0.8452158	0.6721198	0.0311967	0.0263318
hl	0	0	-0.0125	0.016807	2.017949	5.407257	8.546154	5.282051	13	-3.389308	-10.98205	-7.592743	-6.528205	-0.125206	NA	NA	NA	NA	NA	NA	NA	NA	NA	NA	0.143782	0.53375	0.008125	0.60625	0.015222	NA	NA	NA	NA	NA	NA	NA	NA	1.052091	0.8445883	0.0360667	0.0316039
hl	0	0	-0.0125	0.016807	2.282051	5.172159	8.384615	5.333333	10	-2.890108	-7.717949	-4.827841	-6.102564	0.161175	NA	NA	NA	NA	NA	NA	NA	NA	NA	NA	0.185037	0.4675	0.011875	0.56875	0.025401	NA	NA	NA	NA	NA	NA	NA	NA	0.7443573	0.7574191	0.029825	0.0297771
hl	0.9	0.1	0.9	0.857143	2.532051	5.877453	6.75	4.641026	10	-3.345402	-7.467949	-4.122547	-4.217949	-1.236428	0.974603	2.893811	0.053968	0.514286	8	-1.919207	-7.025397	-5.106189	0.920635	-2.379525	0.142543	0.295	0.019375	0.37375	0.065678	0.0796735	0.0516291	114.871	41.4167	0.4338516	0.0280444	1.020126	73.4543	0.8975349	0.8193184	0.0317651	0.0298025
hl	0.05	0.05	0.05	0.033898	2.7	7.052944	3.453846	3.076923	14	-4.352944	-11.3	-6.947056	-0.753846	-3.976021	NA	NA	NA	NA	NA	NA	NA	NA	NA	NA	0.142472	0.225	0.0225	0.2925	0.1	0.303039	0.0621038	200	89.3826	1.585054	0.2409352	0.8053913	110.6174	0.8368709	0.8567152	0.0238136	0.0239882
hl	0.075	0.075	0.075	0.051282	2.65	6.817846	3.452564	3.051282	13	-4.167846	-10.35	-6.182154	-0.802564	-3.766564	0	0	0	0	0	0	0	0	0	0	0.147512	0.2475	0.021875	0.31875	0.088384	NA	NA	200	99.1502	NA	NA	0.7016815	100.8498	0.907973	0.9291932	0.0271027	0.0273637
hl	0.05	0.05	0.05	0.033898	3.485897	8.933729	9.898718	6.692308	19	-5.447831	-15.5141	-10.06627	-6.412821	-2.241421	NA	NA	NA	NA	NA	NA	NA	NA	NA	NA	0.182013	0.225	0.0225	0.2925	0.1	NA	NA	200	102.008	NA	NA	0.6732661	97.992	1.383605	1.240589	0.0382075	0.0349286
hl	0	0	-0.0125	0.016807	3.291026	8.463533	11.63205	7.461538	19	-5.172507	-15.70897	-10.53647	-8.341026	-1.001994	NA	NA	NA	NA	NA	NA	NA	NA	NA	NA	0.201189	0.4025	0.011875	0.465	0.029503	NA	NA	NA	NA	NA	NA	NA	NA	1.600138	1.271912	0.0438977	0.0391228
hl	0	0	-0.025	0.033898	2.698718	7.52314	6.275641	4.487179	22	-4.824422	-19.30128	-14.47686	-3.576923	-3.035961	NA	NA	NA	NA	NA	NA	NA	NA	NA	NA	0.140423	0.40125	0.010625	0.46375	0.02648	NA	NA	NA	NA	NA	NA	NA	NA	1.458437	1.199707	0.0467617	0.0425765
hl	0	0	-0.0125	0.016807	3.010256	7.993336	6.117949	4.564103	22	-4.98308	-18.98974	-14.00666	-3.107692	-3.429234	NA	NA	NA	NA	NA	NA	NA	NA	NA	NA	0.116233	0.37125	0.01125	0.43125	0.030303	NA	NA	NA	NA	NA	NA	NA	NA	1.464637	1.27044	0.0490714	0.0459091
hl	0.825	0.175	0.225	0.051282	4.635897	9.403925	18.95385	11.79487	19	-4.768028	-14.3641	-9.596075	-14.31795	2.390947	0.606061	2.463967	0.018939	0.3125	10	-1.857907	-9.393939	-7.536033	0.587121	-2.151467	0.220893	0.40125	0.010625	0.46375	0.02648	0.115165	0.0185542	143.984	32.2143	1.82567	0.0966108	1.497292	111.7697	1.742799	1.674681	0.0515212	0.0507123
hl	0	0	-0.55	0.296651	4.512821	8.228434	20.51282	12.51282	14	-3.715614	-9.487179	-5.771566	-16	4.284386	NA	NA	NA	NA	NA	NA	NA	NA	NA	NA	0.282721	0.40125	0.010625	0.46375	0.02648	NA	NA	NA	NA	NA	NA	NA	NA	1.915852	1.771024	0.05479553	0.0532822
hl	0.9	0.1	0.6375	0.372598	4.001282	6.817846	19.02436	11.51282	9	-2.816564	-4.998718	-2.182154	-15.02308	4.694975	1.57619	4.823018	13.22381	7.4	8	-3.246827	-6.42381	-3.176982	-11.64762	2.576982	0.296706	0.43375	0.01125	0.49875	0.025937	0.112775	0.0274497	135.517	50.5833	1.413039	0.0853253	0.9854756	84.9337	1.925046	1.884781	0.0673232	0.0649252
hl	0	0	-0.0125	0.016807	4.533333	8.228434	22.54359	13.53846	12	-3.695101	-7.466667	-3.771566	-18.01026	5.310027	NA	NA	NA	NA	NA	NA	NA	NA	NA	NA	0.282572	0.43375	0.01125	0.49875	0.025937	NA	NA	NA	NA	NA	NA	NA	NA	1.783705	1.912108	0.0650235	0.0646709
hl	0	0	-0.0125	0.016807	4.232051	7.758238	26.38333	15.30769	11	-3.526187	-6.767949	-3.241762	-22.15128	7.549454	NA	NA	NA	NA	NA	NA	NA	NA	NA	NA	0.344277	0.46625	0.010625	0.53375	0.022788	NA	NA	NA	NA	NA	NA	NA	NA	1.741671	1.82934	0.065377	0.0646369
hl	0	0	-0.0125	0.016807	3.885897	7.288042	24.9859	14.4359	10	-3.402144	-6.114103	-2.711958	-21.1	7.147856	NA	NA	NA	NA	NA	NA	NA	NA	NA	NA	0.366978	0.46625	0.010625	0.53375	0.022788	NA	NA	NA	NA	NA	NA	NA	NA	1.740433	1.832811	0.0653598	0.0652921
hl	0.925	0.075	0.475	0.238414	3.783333	7.993336	17.90897	10.84615	8	-4.210003	-4.216667	-0.006664	-14.12564	2.852818	0.426426	1.437277	0.018018	0.222222	4	-1.010851	-3.573574	-2.562723	0.408408	-1.215055	0.532455	0.53625	0.010625	0.60875	0.019814	0.111662	0.0404568	142.724	77.5	1.015242	0.0712052	0.6106348	65.224	1.875039	1.980413	0.0703324	0.0694888
hl	0	0	-0.0125	0.016807	4.265385	9.168827	21.42692	12.84615	10	-4.903442	-5.734615	-0.831173	-17.16154	3.677327	NA	NA	NA	NA	NA	NA	NA	NA	NA	NA	0.496667	0.50125	0.01125	0.57125	0.022444	NA	NA	NA	NA	NA	NA	NA	NA	1.771113	2.05163	0.0691848	0.0726545
hl	0.925	0.075	0.45	0.220444	4.689744	9.639023	24.95128	14.82051	8	-4.94928	-3.310256	1.639023	-20.26154	5.18149	0.48048	1.676824	0.01952	0.25	5	-1.196343	-4.51952	-3.323176	0.460961	-1.426824	0.497009	0.57125	0.00875	0.64625	0.015317	0.111762	0.0405685	142.998	81.3333	1.01338	0.0711935	0.5642751	61.6647	1.852955	1.902285	0.0701203	0.0686577
hl	0.95	0.05	0.1	0.037736	4.021795	10.34432	16.43974	10.23077	15	-6.322523	-10.97821	-4.655682	-12.41795	-0.113548	1.728307	7.140161	11.73115	6.72973	21	-5.411853	-19.27169	-13.85984	-10.00285	-0.410431	0.331962	0.37375	0.01375	0.43375	0.036789	0.105276	0.104487	128.488	165.5	0.007522811	0.000789	-0.2531357	37.012	1.720565	1.771364	0.0633752	0.0634487
hl	0	0	-0.0125	0.016807	3.497436	9.403925	16.4	9.948718	15	-5.906489	-11.50256	-5.596075	-12.90256	0.544793	NA	NA	NA	NA	NA	NA	NA	NA	NA	NA	0.314565	0.37375	0.01375	0.43375	0.036789	NA	NA	NA	NA	NA	NA	NA	NA	1.751593	1.752724	0.0645025	0.0640365
hl	0	0	-0.1375	0.061718	1.147436	5.172159	5.878205	3.512821	18	-4.024723	-16.85256	-12.82784	-4.730769	-1.659338	NA	NA	NA	NA	NA	NA	NA	NA	NA	NA	0.191074	0.4975	0.0075	0.5325	0.015075	NA	NA	NA	NA	NA	NA	NA	NA	1.985768	1.969944	0.0710491	0.0739483
hl	0.025	0.025	0.025	0.016807	1.247436	5.642355	9.778205	5.512821	18	-4.394919	-16.75256	-12.35764	-8.530769	-0.129535	NA	NA	NA	NA	NA	NA	NA	NA	NA	NA	0.174486	0.4975	0.0075	0.5325	0.015075	NA	NA	NA	NA	NA	NA	NA	NA	1.703426	1.762615	0.061417	0.0659405
hl	0.025	0.025	-0.2625	0.127604	1.397436	6.347649	11.6282	6.512821	21	-4.950214	-19.60256	-14.65235	-10.23077	0.165171	NA	NA	NA	NA	NA	NA	NA	NA	NA	NA	0.211578	0.4975	0.0075	0.5325	0.015075	NA	NA	NA	NA	NA	NA	NA	NA	1.767478	1.59773	0.0640345	0.0645935
hl	0	0	-0.075	0.026316	1.639744	6.817846	15.33461	8.487179	20	-5.178102	-18.36026	-13.18215	-13.69487	1.669334	NA	NA	NA	NA	NA	NA	NA	NA	NA	NA	0.231338	0.4975	0.0075	0.5325	0.015075	NA	NA	NA	NA	NA	NA	NA	NA	1.603139	1.599665	0.0619749	0.0649207
hl	0	0	-0.4125	0.194357	1.879487	7.288042	15.35128	8.615385	20	-5.408555	-18.12051	-12.71196	-13.4718	1.327343	NA	NA	NA	NA	NA	NA	NA	NA	NA	NA	0.265581	0.435	0.0125	0.5325	0.028736	NA	NA	NA	NA	NA	NA	NA	NA	1.71369	1.598726	0.0649814	0.0633722
hl	0.025	0.025	0.025	0.016807	2.35	7.052944	9.598718	5.974359	19	-4.702944	-16.65	-11.94706	-7.248718	-1.078585	NA	NA	NA	NA	NA	NA	NA	NA	NA	NA	0.196893	0.345	0.014375	0.43125	0.041667	NA	NA	NA	NA	NA	NA	NA	NA	1.428866	1.278969	0.0588935	0.0551014
hl	0	0	-0.0125	0.016807	2.535897	6.112551	8.746154	5.641026	15	-3.576654	-12.4641	-8.887449	-6.210256	-0.471526	NA	NA	NA	NA	NA	NA	NA	NA	NA	NA	0.220981	0.43625	0.01375	0.53375	0.031519	NA	NA	NA	NA	NA	NA	NA	NA	1.573934	1.420305	0.0640707	0.0585873
hl	0.025	0.025	-0.225	0.103896	2.797436	6.347649	10.22821	6.512821	15	-3.550214	-12.20256	-8.652351	-7.430769	0.165171	NA	NA	NA	NA	NA	NA	NA	NA	NA	NA	0.243617	0.43625	0.01375	0.53375	0.031519	NA	NA	NA	NA	NA	NA	NA	NA	1.60002	1.477063	0.0644851	0.059601
hl	0	0	-0.0125	0.016807	4.167949	7.758238	11.47308	7.820513	15	-3.590289	-10.83205	-7.241762	-7.305128	0.062275	NA	NA	NA	NA	NA	NA	NA	NA	NA	NA	0.281297	0.3775	0.0175	0.4975	0.046358	NA	NA	NA	NA	NA	NA	NA	NA	1.470934	1.644084	0.0532564	0.0565429
hl	0	0	-0.0125	0.016807	4.576923	8.463533	14.80769	9.692308	16	-3.886609	-11.42308	-7.536467	-10.23077	1.228775	NA	NA	NA	NA	NA	NA	NA	NA	NA	NA	0.265875	0.34875	0.018125	0.46375	0.051971	NA	NA	NA	NA	NA	NA	NA	NA	1.408604	1.509705	0.055141	0.0557749
hl	0.025	0.025	-0.4875	0.236264	3.814103	7.288042	13.16026	8.487179	13	-3.473939	-9.185897	-5.711958	-9.346154	1.199138	NA	NA	NA	NA	NA	NA	NA	NA	NA	NA	0.243532	0.37875	0.01875	0.49875	0.049505	NA	NA	NA	NA	NA	NA	NA	NA	1.495576	1.571258	0.0639199	0.0650378
hl	0	0	-0.0125	0.016807	1.737179	3.996668	6.724359	4.230769	8	-2.259489	-6.262821	-4.003332	-4.987179	0.234101	NA	NA	NA	NA	NA	NA	NA	NA	NA	NA	0.215075	0.5025	0.0125	0.6075	0.024876	NA	NA	NA	NA	NA	NA	NA	NA	1.233549	1.05614	0.063604	0.0598835
hl	1	0	0.2	0.091346	0.992308	4.231766	13.67436	7.333333	10	-3.239459	-9.007692	-5.768234	-12.68205	3.101567	0.992308	4.231766	13.67436	7.333333	10	-3.239459	-9.007692	-5.768234	-12.68205	3.101567	0.353534	0.61	0.009375	0.72625	0.015369	NA	NA	NA	NA	NA	NA	NA	NA	1.426779	1.252535	0.0714991	0.0704935
hl	0.025	0.025	0.025	0.016807	1.339744	5.642355	17.58333	9.461538	13	-4.302611	-11.66026	-7.357645	-16.24359	3.819183	NA	NA	NA	NA	NA	NA	NA	NA	NA	NA	0.478726	0.57375	0.01125	0.68625	0.019608	NA	NA	NA	NA	NA	NA	NA	NA	1.421047	1.270577	0.0662925	0.0637874
hl	0	0	-0.05	0.030172	1.032051	3.526472	9.583333	5.307692	6	-2.494421	-4.967949	-2.473528	-8.551282	1.78122	NA	NA	NA	NA	NA	NA	NA	NA	NA	NA	0.547098	0.6475	0.0075	0.7275	0.011583	NA	NA	NA	NA	NA	NA	NA	NA	1.647494	1.405244	0.0810375	0.0763334
hl	0	0	-0.0125	0.016807	0.634615	1.880785	3.724359	2.179487	3	-1.24617	-2.365385	-1.119215	-3.089744	0.298702	NA	NA	NA	NA	NA	NA	NA	NA	NA	NA	0.236964	0.68625	0.005625	0.76875	0.008197	NA	NA	NA	NA	NA	NA	NA	NA	1.767167	1.530873	0.0825348	0.0780028
hl	0	0	-0.0375	0.051282	0.732051	2.115883	5.575641	3.153846	3	-1.383832	-2.267949	-0.884117	-4.84359	1.037963	NA	NA	NA	NA	NA	NA	NA	NA	NA	NA	0.082594	0.64625	0.00625	0.72625	0.009671	NA	NA	NA	NA	NA	NA	NA	NA	1.727986	1.46934	0.0818554	0.0766361
hl	0	0	-0.0125	0.016807	0.834615	2.821178	3.626923	2.230769	8	-1.986562	-7.165385	-5.178822	-2.792308	-0.590408	NA	NA	NA	NA	NA	NA	NA	NA	NA	NA	0.001101	0.5	0.01	0.57	0.02	NA	NA	NA	NA	NA	NA	NA	NA	1.387635	1.213278	0.0716464	0.0667582
hl	0.025	0.025	0.025	0.016807	0.984615	3.291374	5.579487	3.282051	8	-2.306758	-7.015385	-4.708626	-4.594872	-0.009322	NA	NA	NA	NA	NA	NA	NA	NA	NA	NA	0.001411	0.46625	0.010625	0.53375	0.022788	NA	NA	NA	NA	NA	NA	NA	NA	NA	1.176272	NA	0.0610221
hl	0.05	0.05	0.05	0.033898	1.084615	3.76157	5.582051	3.333333	10	-2.676955	-8.915385	-6.23843	-4.497436	-0.428237	NA	NA	NA	NA	NA	NA	NA	NA	NA	NA	0.001357	0.43375	0.01125	0.49875	0.025937	NA	NA	156.5	117.419	NA	NA	0.2873073	39.081	NA	NA	NA	NA
hl	0	0	-0.1125	0.042042	1.166667	3.996668	9.192308	5.179487	11	-2.830001	-9.833333	-7.003332	-8.025641	1.182819	NA	NA	NA	NA	NA	NA	NA	NA	NA	NA	0.074788	0.53375	0.008125	0.60625	0.015222	NA	NA	NA	NA	NA	NA	NA	NA	NA	NA	NA	NA
hl	0.875	0.125	-0.125	0.086957	4.907692	10.57942	9.65641	7.282051	22	-5.671723	-17.09231	-11.42058	-4.748718	-3.297364	3.186555	8.256014	6.166387	4.676471	20	-5.06946	-16.81345	-11.74399	-2.979832	-3.579544	0.016989	0.05875	0.03625	0.08875	0.617021	NA	NA	48.5101	54.8	NA	NA	-0.1219182	6.2899	-0.4957593	-0.3131704	0.0145212	0.0083748
hl	0.025	0.025	0.025	0.016807	5.134615	11.04961	11.22436	8.179487	24	-5.914997	-18.86538	-12.95039	-6.089744	-2.870125	NA	NA	NA	NA	NA	NA	NA	NA	NA	NA	0.016207	0.0475	0.0375	0.0675	0.789474	NA	NA	NA	NA	NA	NA	NA	NA	-0.4033909	-0.3916282	0.0144921	0.0142171
hl	0.05	0.05	0.05	0.033898	4.961538	11.28471	13.19231	9.076923	25	-6.323172	-20.03846	-13.71529	-8.230769	-2.207787	NA	NA	NA	NA	NA	NA	NA	NA	NA	NA	0.02715	0.0475	0.0375	0.0675	0.789474	0.143756	0.0355896	188.5	52.0562	1.396064	0.1081664	1.286774	136.4438	-0.3585881	-0.3126384	0.0138943	0.0118131
hl	0	0	-0.025	0.033898	5.523077	11.99	14.98974	10.25641	24	-6.466928	-18.47692	-12.01	-9.466667	-1.733594	NA	NA	NA	NA	NA	NA	NA	NA	NA	NA	0.045826	0.0475	0.0375	0.0675	0.789474	NA	NA	NA	NA	NA	NA	NA	NA	-0.3502585	-0.1614366	0.0153232	0.0063733
hl	0	0	-0.0125	0.016807	5.387179	11.51981	20.04872	12.71795	21	-6.132629	-15.61282	-9.480192	-14.66154	1.198141	NA	NA	NA	NA	NA	NA	NA	NA	NA	NA	0.111598	0.11375	0.02375	0.14375	0.208791	NA	NA	NA	NA	NA	NA	NA	NA	-0.2681001	-0.1888487	0.012762	0.0086098
hl	0	0	-0.0125	0.016807	5.434615	11.28471	20.66795	13.05128	17	-5.850095	-11.56538	-5.71529	-15.23333	1.766572	NA	NA	NA	NA	NA	NA	NA	NA	NA	NA	0.184392	0.13875	0.033125	0.22	0.238739	NA	NA	NA	NA	NA	NA	NA	NA	-0.2598769	-0.08741186	0.0130238	0.0039946
hl	0	0	-0.0125	0.016807	5.494872	11.75491	20.65897	13.07692	18	-6.260035	-12.50513	-6.245094	-15.1641	1.322017	NA	NA	NA	NA	NA	NA	NA	NA	NA	NA	0.176814	0.0875	0.0475	0.1475	0.542857	NA	NA	NA	NA	NA	NA	NA	NA	-0.2550265	-0.1601651	0.0124772	0.0075685
hl	0.1	0.1	0.1	0.068966	5.165385	11.28471	18.98846	12.07692	19	-6.119325	-13.83461	-7.71529	-13.82308	0.792213	7.833333	7.090909	7.5	7.666667	4	0.742424	3.833333	3.090909	0.333333	0.575758	0.164071	0.0875	0.0475	0.1475	0.542857	0.0382326	0.0528532	38.25	81.3071	-0.3238297	0.0146206	-0.7540898	43.0571	-0.2784805	-0.2016481	0.0135521	0.009583
hl	0.025	0.025	0.025	0.016807	5.165385	11.28471	18.98846	12.07692	19	-6.119325	-13.83461	-7.71529	-13.82308	0.792213	NA	NA	NA	NA	NA	NA	NA	NA	NA	NA	0.164071	0.0875	0.0475	0.1475	0.542857	NA	NA	NA	NA	NA	NA	NA	NA	-0.2971864	-0.2200526	0.0143342	0.0103652
hl	0	0	-0.025	0.033898	4.611538	10.57942	15.64487	10.1282	19	-5.967877	-14.38846	-8.420584	-11.03333	-0.451211	NA	NA	NA	NA	NA	NA	NA	NA	NA	NA	0.174914	0.0875	0.0475	0.1475	0.542857	NA	NA	NA	NA	NA	NA	NA	NA	-0.111761	-0.1509734	0.0052699	0.0073073
hl	0.025	0.025	0.025	0.016807	3.247436	9.874121	2.034615	2.641026	26	-6.626685	-22.75256	-16.12588	1.212821	-7.233096	NA	NA	NA	NA	NA	NA	NA	NA	NA	NA	0.123485	0.07375	0.03375	0.10375	0.457627	NA	NA	NA	NA	NA	NA	NA	NA	0.1556931	-0.1495664	0.0050922	0.005885
hl	0.025	0.025	0.025	0.016807	3.057692	9.639023	2.019231	2.538462	27	-6.581331	-23.94231	-17.36098	1.038462	-7.100562	NA	NA	NA	NA	NA	NA	NA	NA	NA	NA	0.101481	0.09125	0.02875	0.12875	0.315068	NA	NA	NA	NA	NA	NA	NA	NA	0.1769345	-0.1000809	0.0059984	0.0040363
hl	0.025	0.025	0.025	0.016807	2.803846	7.758238	0.221795	1.512821	22	-4.954392	-19.19615	-14.24176	2.582051	-6.245418	NA	NA	NA	NA	NA	NA	NA	NA	NA	NA	0.127949	0.07625	0.045625	0.12	0.598361	NA	NA	NA	NA	NA	NA	NA	NA	0.1524042	-0.3229543	0.0053818	0.0146748
hl	0	0	-0.0125	0.016807	2.853846	7.993336	0.223077	1.538462	23	-5.13949	-20.14615	-15.00666	2.630769	-6.454875	NA	NA	NA	NA	NA	NA	NA	NA	NA	NA	0.124092	0.07625	0.045625	0.12	0.598361	NA	NA	NA	NA	NA	NA	NA	NA	0.07720589	-0.2458061	0.0029038	0.0111143
hl	0	0	-0.0125	0.016807	2.60641	7.052944	0.214103	1.410256	20	-4.446534	-17.39359	-12.94706	2.392308	-5.642687	NA	NA	NA	NA	NA	NA	NA	NA	NA	NA	0.106609	0.07625	0.045625	0.12	0.598361	NA	NA	NA	NA	NA	NA	NA	NA	-0.006665306	-0.2445571	0.0002598	0.0109051
hl	0.025	0.025	0.025	0.016807	1.833333	5.877453	0.115385	0.974359	19	-4.04412	-17.16667	-13.12255	1.717949	-4.903094	NA	NA	NA	NA	NA	NA	NA	NA	NA	NA	0.04337	0.19	0.03	0.29	0.157895	NA	NA	NA	NA	NA	NA	NA	NA	0.4124878	0.1406072	0.0200561	0.0079468
hl	0	0	-0.0625	0.024348	1.279487	4.701963	0.053846	0.666667	16	-3.422475	-14.72051	-11.29804	1.225641	-4.035296	NA	NA	NA	NA	NA	NA	NA	NA	NA	NA	0.00122	0.34375	0.013125	0.40125	0.038182	NA	NA	NA	NA	NA	NA	NA	NA	0.4950965	0.2210545	0.0240958	0.012509
hl	0.025	0.025	0.025	0.016807	2.080769	5.877453	3.816667	2.948718	14	-3.796684	-11.91923	-8.122547	-1.735897	-2.928735	NA	NA	NA	NA	NA	NA	NA	NA	NA	NA	0.126918	0.20625	0.025625	0.29125	0.124242	NA	NA	NA	NA	NA	NA	NA	NA	0.1477123	0.1118102	0.0081556	0.0063892
hl	0	0	-0.025	0.008475	2.965385	7.52314	3.957692	3.461538	19	-4.557755	-16.03461	-11.47686	-0.992308	-4.061602	NA	NA	NA	NA	NA	NA	NA	NA	NA	NA	0.131387	0.06875	0.04625	0.09875	0.672727	NA	NA	NA	NA	NA	NA	NA	NA	-0.2291391	-0.2316793	0.0106123	0.0106509
hl	0	0	-0.0125	0.016807	2.720513	7.52314	0.253846	1.487179	23	-4.802627	-20.27949	-15.47686	2.466667	-6.035961	NA	NA	NA	NA	NA	NA	NA	NA	NA	NA	0.131038	0.08125	0.05875	0.12625	0.723077	NA	NA	NA	NA	NA	NA	NA	NA	-0.2492635	-0.2491116	0.0111441	0.0109891
hl	0	0	-0.0125	0.016807	2.658974	8.228434	4.110256	3.384615	25	-5.56946	-22.34103	-16.77157	-1.451282	-4.843819	NA	NA	NA	NA	NA	NA	NA	NA	NA	NA	0.178163	0.085	0.054375	0.1375	0.639706	NA	NA	NA	NA	NA	NA	NA	NA	-0.3176183	-0.1549371	0.0144801	0.0063963
hl	0	0	-0.0125	0.016807	3.084615	8.698631	6.146154	4.615385	24	-5.614015	-20.91539	-15.30137	-3.061538	-4.083246	NA	NA	NA	NA	NA	NA	NA	NA	NA	NA	0.140822	0.08	0.049375	0.12375	0.617188	NA	NA	NA	NA	NA	NA	NA	NA	-0.2598665	-0.1298819	0.0109725	0.005116
hl	0.025	0.025	0.025	0.016807	3.034615	8.463533	6.144872	4.589744	23	-5.428917	-19.96539	-14.53647	-3.110256	-3.873789	NA	NA	NA	NA	NA	NA	NA	NA	NA	NA	0.144826	0.08625	0.055625	0.13875	0.644928	NA	NA	NA	NA	NA	NA	NA	NA	-0.2454175	-0.09309635	0.0106093	0.0037334
hl	0	0	-0.0125	0.016807	2.861538	8.933729	6.061538	4.461538	24	-6.07219	-21.13846	-15.06627	-3.2	-4.47219	NA	NA	NA	NA	NA	NA	NA	NA	NA	NA	0.163867	0.0975	0.046875	0.165	0.480769	NA	NA	NA	NA	NA	NA	NA	NA	-0.3274116	-0.02578879	0.0143143	0.0009344
hl	0.025	0.025	0.025	0.016807	3.132051	7.993336	4.303846	3.717949	20	-4.861285	-16.86795	-12.00666	-1.171795	-4.275388	NA	NA	NA	NA	NA	NA	NA	NA	NA	NA	0.033175	0.08125	0.04125	0.13125	0.507692	NA	NA	NA	NA	NA	NA	NA	NA	-0.4699841	-0.3160866	0.0200182	0.0124527
hl	0	0	-0.0125	0.016807	3.132051	7.993336	2.355128	2.74359	21	-4.861285	-17.86795	-13.00666	0.776923	-5.249747	NA	NA	NA	NA	NA	NA	NA	NA	NA	NA	0.06337	0.07875	0.048125	0.13125	0.611111	NA	NA	NA	NA	NA	NA	NA	NA	-0.4971536	-0.3553959	0.0212225	0.0139885
hl	0.05	0.05	0.05	0.033898	3.132051	7.993336	2.355128	2.74359	21	-4.861285	-17.86795	-13.00666	0.776923	-5.249747	NA	NA	NA	NA	NA	NA	NA	NA	NA	NA	0.06337	0.07875	0.048125	0.13125	0.611111	NA	NA	200	48.4815	NA	NA	1.417135	151.5185	-0.4978488	-0.3962973	0.0212454	0.0159299
hl	0.275	0.275	0.275	0.201835	3.132051	7.993336	2.355128	2.74359	21	-4.861285	-17.86795	-13.00666	0.776923	-5.249747	1.236364	1.365669	2.363636	1.8	2	-0.129305	-0.763636	-0.634331	-1.127273	0.434331	0.063413	0.0725	0.041875	0.11625	0.577586	NA	NA	119.791	48.3941	NA	NA	0.9063707	71.3969	-0.7797006	-0.6723833	0.0299947	0.0236088
hl	0	0	-0.0625	0.045217	3.230769	8.463533	0.358974	1.794872	22	-5.232763	-18.76923	-13.53647	2.871795	-6.668661	NA	NA	NA	NA	NA	NA	NA	NA	NA	NA	0.087999	0.0725	0.041875	0.11625	0.577586	NA	NA	NA	NA	NA	NA	NA	NA	-0.2143216	-0.3015736	0.0082288	0.0123762
hl	0	0	-0.0125	0.016807	3.225641	8.228434	0.364103	1.794872	21	-5.002793	-17.77436	-12.77157	2.861538	-6.433563	NA	NA	NA	NA	NA	NA	NA	NA	NA	NA	0.090655	0.0625	0.031875	0.08875	0.51	NA	NA	NA	NA	NA	NA	NA	NA	-0.03824094	-0.1019452	0.0015587	0.0042174
hl	0	0	-0.0125	0.016807	2.429487	7.052944	0.185897	1.307692	20	-4.623457	-17.57051	-12.94706	2.24359	-5.745251	NA	NA	NA	NA	NA	NA	NA	NA	NA	NA	0.070411	0.11375	0.05125	0.20125	0.450549	NA	NA	NA	NA	NA	NA	NA	NA	0.2649697	0.03538118	0.0104772	0.0015636
hl	0	0	-0.025	0.033898	2.24359	7.052944	0.115385	1.179487	19	-4.809354	-16.75641	-11.94706	2.128205	-5.873457	NA	NA	NA	NA	NA	NA	NA	NA	NA	NA	0.001784	0.11875	0.02875	0.16375	0.242105	NA	NA	NA	NA	NA	NA	NA	NA	0.1463785	0.3458024	0.0067036	0.0144827
hl	0	0	-0.0125	0.016807	2.915385	8.698631	2.110256	2.512821	21	-5.783246	-18.08461	-12.30137	0.805128	-6.18581	NA	NA	NA	NA	NA	NA	NA	NA	NA	NA	0.085064	0.05875	0.03625	0.08125	0.617021	NA	NA	NA	NA	NA	NA	NA	NA	-0.05898537	-0.0009536754	0.0023929	3.74e-05
hl	0.025	0.025	0.025	0.016807	3.875641	10.81451	4.175641	4.025641	27	-6.938873	-23.12436	-16.18549	-0.3	-6.788873	NA	NA	NA	NA	NA	NA	NA	NA	NA	NA	0.094566	0.06625	0.035625	0.0925	0.537736	NA	NA	NA	NA	NA	NA	NA	NA	0.03133962	-0.0005254271	0.0010591	1.78e-05
hl	0	0	-0.0125	0.016807	3.49359	10.10922	4.147436	3.820513	27	-6.61563	-23.50641	-16.89078	-0.653846	-6.288707	NA	NA	NA	NA	NA	NA	NA	NA	NA	NA	0.100887	0.07	0.039375	0.105	0.5625	NA	NA	NA	NA	NA	NA	NA	NA	-0.367006	-0.3093895	0.0109317	0.0088365
hl	0.975	0.025	-0.025	0.016807	3.920513	9.874121	4.284615	4.102564	25	-5.953608	-21.07949	-15.12588	-0.364103	-5.771557	3.605938	8.278338	0.394062	2	21	-4.6724	-17.39406	-12.72166	3.211876	-6.278338	0.103688	0.07	0.039375	0.105	0.5625	NA	NA	NA	NA	NA	NA	NA	NA	0.173957	0.02667558	0.0047921	0.0008249
hl	0	0	-0.0125	0.016807	3.812821	9.168827	2.341026	3.076923	23	-5.356006	-19.18718	-13.83117	1.471795	-6.091904	NA	NA	NA	NA	NA	NA	NA	NA	NA	NA	0.059457	0.05375	0.04375	0.07375	0.813953	NA	NA	NA	NA	NA	NA	NA	NA	0.2846854	0.12236	0.0084339	0.0040687
hl	0	0	-0.0375	0.051282	2.425641	6.347649	0.241026	1.333333	18	-3.922008	-15.57436	-11.65235	2.184615	-5.014316	NA	NA	NA	NA	NA	NA	NA	NA	NA	NA	0.040741	0.0775	0.046875	0.1125	0.604839	NA	NA	NA	NA	NA	NA	NA	NA	0.321484	-0.09373957	0.0088786	0.0032363
hl	0.075	0.075	0.075	0.051282	2.475641	6.582748	0.242308	1.358974	19	-4.107107	-16.52436	-12.41725	2.233333	-5.223773	0	0	0	0	0	0	0	0	0	0	0.039256	0.07	0.0475	0.1	0.678571	NA	NA	200	51.5023	NA	NA	1.356691	148.4977	0.2008559	-0.190459	0.0055236	0.0064477
hl	0.025	0.025	0.025	0.016807	3.044872	8.698631	0.185897	1.615385	21	-5.653759	-17.95513	-12.30137	2.858974	-7.083246	NA	NA	NA	NA	NA	NA	NA	NA	NA	NA	0.029827	0.07625	0.045625	0.11125	0.598361	NA	NA	NA	NA	NA	NA	NA	NA	-0.3317073	0.12264	0.0128529	0.003728
hl	0.05	0.05	0.025	0.00431	3.329487	9.168827	0.208974	1.769231	21	-5.83934	-17.67051	-11.83117	3.120513	-7.399596	NA	NA	NA	NA	NA	NA	NA	NA	NA	NA	0.028522	0.07625	0.045625	0.11125	0.598361	0.014975	0.0360942	30	52.0391	-0.87975	0.0211192	-0.550798	22.0391	-0.5002075	-0.1314372	0.0210562	0.0045474
hl	0	0	-0.0125	0.016807	3.055128	8.698631	0.175641	1.615385	20	-5.643502	-16.94487	-11.30137	2.879487	-7.083246	NA	NA	NA	NA	NA	NA	NA	NA	NA	NA	0.029884	0.09625	0.03375	0.14625	0.350649	NA	NA	NA	NA	NA	NA	NA	NA	-0.579728	-0.5495582	0.0278729	0.0250874
hl	0.05	0.05	0.05	0.033898	2.928205	7.288042	0.251282	1.589744	15	-4.359837	-12.07179	-7.711958	2.676923	-5.698298	NA	NA	NA	NA	NA	NA	NA	NA	NA	NA	0.069798	0.0775	0.0375	0.1075	0.483871	0.137867	0.0374592	134.5	42.2831	1.303037	0.1004078	1.157177	92.2169	-0.7105503	-0.5855642	0.0350944	0.0272941
hl	0	0	-0.0375	0.017094	3.789744	7.758238	0.517949	2.153846	14	-3.968495	-10.21026	-6.241762	3.271795	-5.604392	NA	NA	NA	NA	NA	NA	NA	NA	NA	NA	0.098803	0.0675	0.036875	0.09375	0.546296	NA	NA	NA	NA	NA	NA	NA	NA	-0.8487847	-0.7138325	0.0365262	0.0285189
hl	0	0	-0.0125	0.016807	6.641026	11.75491	6.179487	6.410256	24	-5.113881	-17.35897	-12.24509	0.461538	-5.34465	NA	NA	NA	NA	NA	NA	NA	NA	NA	NA	0.123479	0.06125	0.030625	0.0875	0.5	NA	NA	NA	NA	NA	NA	NA	NA	-0.3693615	-0.2660351	0.0165575	0.0113946
hl	0.075	0.075	0.075	0.051282	7.019231	12.2251	7.49359	7.25641	25	-5.205872	-17.98077	-12.7749	-0.474359	-4.968692	0	0	0	0	0	0	0	0	0	0	0.11902	0.06125	0.030625	0.0875	0.5	NA	NA	200	48.0383	NA	NA	1.426319	151.9617	-0.6203114	-0.5587052	0.0242644	0.0216839
hl	0	0	-0.0125	0.016807	8.557692	13.87079	8.621795	8.589744	30	-5.313097	-21.44231	-16.12921	-0.064103	-5.281046	NA	NA	NA	NA	NA	NA	NA	NA	NA	NA	0.139637	0.06125	0.030625	0.0875	0.5	NA	NA	NA	NA	NA	NA	NA	NA	-0.7143722	-0.4847153	0.027225	0.0164677
hl	0.025	0.025	0.025	0.016807	8.125641	12.6953	8.592308	8.358974	27	-4.569658	-18.87436	-14.3047	-0.466667	-4.336324	NA	NA	NA	NA	NA	NA	NA	NA	NA	NA	0.133741	0.065	0.034375	0.1	0.528846	NA	NA	NA	NA	NA	NA	NA	NA	-0.4882179	-0.4520148	0.0181119	0.016461
hl	0	0	-0.0125	0.016807	6.082051	11.28471	12.17436	9.128205	24	-5.202659	-17.91795	-12.71529	-6.092308	-2.156505	NA	NA	NA	NA	NA	NA	NA	NA	NA	NA	0.124064	0.07	0.0475	0.1075	0.678571	NA	NA	NA	NA	NA	NA	NA	NA	-0.07218026	-0.1407552	0.0027897	0.0056645
hl	0	0	-0.0125	0.016807	6.365385	11.99	14.40385	10.38462	24	-5.62462	-17.63462	-12.01	-8.038462	-1.605389	NA	NA	NA	NA	NA	NA	NA	NA	NA	NA	0.116898	0.06625	0.04375	0.10375	0.660377	NA	NA	NA	NA	NA	NA	NA	NA	-0.09772238	-0.1876744	0.0036586	0.0075619
hl	0	0	-0.0125	0.016807	8.052564	15.04628	8.716667	8.384615	32	-6.993716	-23.94744	-16.95372	-0.664103	-6.661665	NA	NA	NA	NA	NA	NA	NA	NA	NA	NA	0.152578	0.07125	0.03125	0.10125	0.438596	NA	NA	NA	NA	NA	NA	NA	NA	-0.5816228	-0.504494	0.0100828	0.0087595
hl	0.025	0.025	0.025	0.016807	8.647436	14.57608	14.48077	11.5641	26	-5.928648	-17.35256	-11.42392	-5.833333	-3.011981	NA	NA	NA	NA	NA	NA	NA	NA	NA	NA	0.160943	0.05	0.034375	0.06875	0.6875	NA	NA	NA	NA	NA	NA	NA	NA	-0.1163141	-0.0992088	0.0021316	0.0017491
hl	0.1	0.1	0.1	0.068966	7.698718	14.34099	19.63462	13.66667	26	-6.642268	-18.30128	-11.65901	-11.9359	-0.674319	5	4.363636	5.666667	5.333333	1	0.636364	4	3.363636	-0.666667	0.969697	0.150972	0.0575	0.035	0.0875	0.608696	0.0228682	0.0222479	67.5833	65.4024	0.02749968	0.0006203	0.03280196	2.1809	0.0997393	0.2800068	0.0016082	0.0038734
hl	0.025	0.025	0.025	0.016807	7.780769	15.28138	20.37308	14.07692	27	-7.500609	-19.21923	-11.71862	-12.59231	-1.204455	NA	NA	NA	NA	NA	NA	NA	NA	NA	NA	0.185968	0.06875	0.02875	0.09875	0.418182	NA	NA	NA	NA	NA	NA	NA	NA	-0.04249734	0.3328637	0.0006478	0.0042136
hl	0.025	0.025	0.025	0.016807	6.697436	12.9304	18.73846	12.71795	22	-6.232961	-15.30256	-9.069603	-12.04103	-0.212448	NA	NA	NA	NA	NA	NA	NA	NA	NA	NA	0.193676	0.08625	0.02375	0.11125	0.275362	NA	NA	NA	NA	NA	NA	NA	NA	-0.03080463	0.2125766	0.0005491	0.0033481
hl	0.925	0.075	-0.075	0.051282	6.665385	12.9304	16.05256	11.35897	21	-6.265012	-14.33461	-8.069603	-9.387179	-1.571423	4.708709	11.01913	12.34685	8.527778	21	-6.310419	-16.29129	-9.980873	-7.638138	-2.49135	0.162179	0.0775	0.026875	0.11125	0.346774	0.0238051	0.03702	66.0788	81.5	-0.4415585	0.0132149	-0.2097551	15.4212	-0.01460484	0.150672	0.0002893	0.0027153
hl	0.05	0.05	0.05	0.033898	6.665385	12.9304	16.05256	11.35897	21	-6.265012	-14.33461	-8.069603	-9.387179	-1.571423	NA	NA	NA	NA	NA	NA	NA	NA	NA	NA	0.166053	0.09	0.0275	0.1275	0.305556	NA	NA	200	61.4225	NA	NA	1.180541	138.5775	-0.01152772	0.1395782	0.0002283	0.0025172
hl	0.025	0.025	0.025	0.016807	6.169231	11.99	13.42051	9.794872	19	-5.820774	-12.83077	-7.009996	-7.251282	-2.195133	NA	NA	NA	NA	NA	NA	NA	NA	NA	NA	0.148414	0.09	0.0275	0.1275	0.305556	NA	NA	NA	NA	NA	NA	NA	NA	0.0694219	0.2008031	0.0013726	0.0036644
hl	0.075	0.075	0.075	0.051282	7.7	12.4602	17.01795	12.35897	20	-4.760201	-12.3	-7.539799	-9.317949	-0.101226	0	0	0	0	0	0	0	0	0	0	0.155644	0.08	0.029375	0.11375	0.367188	NA	NA	200	51.6321	NA	NA	1.354174	148.3679	-0.0005530807	-0.2791197	9.2e-06	0.0054181
hl	0	0	-0.0125	0.016807	10.19359	14.57608	25.24231	17.71795	24	-4.382494	-13.80641	-9.423916	-15.04872	3.141865	NA	NA	NA	NA	NA	NA	NA	NA	NA	NA	0.176637	0.075	0.035	0.115	0.466667	NA	NA	NA	NA	NA	NA	NA	NA	0.0869531	-0.1423521	0.0017409	0.0032896
hl	0	0	-0.025	0.033898	5.40641	10.81451	12.08077	8.74359	25	-5.408104	-19.59359	-14.18549	-6.674359	-2.070924	NA	NA	NA	NA	NA	NA	NA	NA	NA	NA	0.147228	0.08625	0.04625	0.13625	0.536232	NA	NA	NA	NA	NA	NA	NA	NA	0.2254171	-0.00215615	0.0045123	4.83e-05
hl	0.025	0.025	0.025	0.016807	4.326923	10.81451	13.8782	9.102564	26	-6.487591	-21.67308	-15.18549	-9.551282	-1.71195	NA	NA	NA	NA	NA	NA	NA	NA	NA	NA	0.178696	0.06875	0.038125	0.1125	0.554545	NA	NA	NA	NA	NA	NA	NA	NA	-0.06868281	0.1727252	0.0018576	0.0041447
hl	0.025	0.025	0.025	0.016807	4.84359	11.28471	14.13077	9.487179	24	-6.44112	-19.15641	-12.71529	-9.287179	-1.797531	NA	NA	NA	NA	NA	NA	NA	NA	NA	NA	0.213764	0.13875	0.01625	0.15625	0.117117	NA	NA	NA	NA	NA	NA	NA	NA	-0.01821528	0.0660561	0.0005266	0.0018432
hl	0	0	-0.0125	0.016807	4.683333	10.34432	13.93205	9.307692	21	-5.660984	-16.31667	-10.65568	-9.248718	-1.036625	NA	NA	NA	NA	NA	NA	NA	NA	NA	NA	0.245481	0.195	0.014375	0.21625	0.073718	NA	NA	NA	NA	NA	NA	NA	NA	0.04342734	0.1142908	0.001275	0.0032632
hl	0.025	0.025	0.025	0.016807	4.975641	11.28471	13.94744	9.461538	24	-6.309069	-19.02436	-12.71529	-8.971795	-1.823172	NA	NA	NA	NA	NA	NA	NA	NA	NA	NA	0.224706	0.15625	0.015625	0.175	0.1	NA	NA	NA	NA	NA	NA	NA	NA	-0.02619263	0.04884353	0.0007774	0.0014248
hl	0	0	-0.0375	0.017094	2.25	6.347649	1.801282	2.025641	20	-4.097649	-17.75	-13.65235	0.448718	-4.322008	NA	NA	NA	NA	NA	NA	NA	NA	NA	NA	0.078314	0.2	0.019375	0.26375	0.096875	NA	NA	NA	NA	NA	NA	NA	NA	0.8107447	0.6179701	0.0230483	0.0192078
hl	0	0	-0.0125	0.016807	1.938462	6.347649	1.753846	1.846154	22	-4.409188	-20.06154	-15.65235	0.184615	-4.501496	NA	NA	NA	NA	NA	NA	NA	NA	NA	NA	0.001298	0.18125	0.02125	0.24125	0.117241	NA	NA	NA	NA	NA	NA	NA	NA	0.6710752	0.4548224	0.0206731	0.0158354
hl	0	0	-0.0125	0.016807	1.276923	4.937061	0.05641	0.666667	19	-3.660138	-17.72308	-14.06294	1.220513	-4.270394	NA	NA	NA	NA	NA	NA	NA	NA	NA	NA	0.001019	0.27125	0.02125	0.37125	0.078341	NA	NA	NA	NA	NA	NA	NA	NA	0.3618541	0.3662987	0.0128422	0.0129144
hl	0	0	-0.0125	0.016807	1.730769	5.642355	0.115385	0.923077	20	-3.911586	-18.26923	-14.35764	1.615385	-4.719278	NA	NA	NA	NA	NA	NA	NA	NA	NA	NA	0.045245	0.25	0.024375	0.345	0.0975	NA	NA	NA	NA	NA	NA	NA	NA	0.1586408	0.02567943	0.005816	0.0010304
hl	0	0	-0.0125	0.016807	1.680769	5.407257	0.114103	0.897436	19	-3.726488	-17.31923	-13.59274	1.566667	-4.509821	NA	NA	NA	NA	NA	NA	NA	NA	NA	NA	0.047172	0.25	0.024375	0.345	0.0975	NA	NA	NA	NA	NA	NA	NA	NA	0.09181539	0.03872348	0.0034653	0.0015277
hl	0.025	0.025	0.025	0.016807	1.516667	5.642355	0.073077	0.794872	21	-4.125688	-19.48333	-15.35764	1.44359	-4.847483	NA	NA	NA	NA	NA	NA	NA	NA	NA	NA	0.174707	0.37375	0.01375	0.46375	0.036789	NA	NA	NA	NA	NA	NA	NA	NA	0.270968	0.04562518	0.0099514	0.0018713
hl	0	0	-0.025	0.033898	1.766667	6.817846	3.976923	2.871795	24	-5.051179	-22.23333	-17.18215	-2.210256	-3.946051	NA	NA	NA	NA	NA	NA	NA	NA	NA	NA	0.215008	0.345	0.014375	0.43125	0.041667	NA	NA	NA	NA	NA	NA	NA	NA	0.3341686	0.2997916	0.0123195	0.0112414
hl	0	0	-0.0125	0.016807	1.766667	6.817846	3.976923	2.871795	24	-5.051179	-22.23333	-17.18215	-2.210256	-3.946051	NA	NA	NA	NA	NA	NA	NA	NA	NA	NA	0.215008	0.345	0.014375	0.43125	0.041667	NA	NA	NA	NA	NA	NA	NA	NA	0.3197014	0.2819693	0.0116966	0.0105101
hl	0	0	-0.125	0.094545	3.24359	8.463533	13.98718	8.615385	22	-5.219943	-18.75641	-13.53647	-10.74359	0.151852	NA	NA	NA	NA	NA	NA	NA	NA	NA	NA	0.179898	0.14125	0.035625	0.20625	0.252212	NA	NA	NA	NA	NA	NA	NA	NA	0.7702292	0.6139079	0.0194425	0.01675
hl	0.025	0.025	-0.15	0.049524	5.019231	12.6953	24.87821	14.94872	26	-7.676068	-20.98077	-13.3047	-19.85897	2.253419	NA	NA	NA	NA	NA	NA	NA	NA	NA	NA	0.217433	0.0825	0.0425	0.1225	0.515152	NA	NA	NA	NA	NA	NA	NA	NA	0.3669792	0.442048	0.0068233	0.0079325
hl	0.075	0.075	0.075	0.051282	6.366667	13.63569	25.12051	15.74359	29	-7.269025	-22.63333	-15.36431	-18.75385	2.107898	0.666667	0.666667	0.333333	0.5	1	0	-0.333333	-0.333333	0.333333	-0.166667	0.208359	0.09375	0.03125	0.14375	0.333333	NA	NA	150.333	62.6494	NA	NA	0.8752987	87.6836	0.2069044	0.2156602	0.0038758	0.0038952
hl	0.025	0.025	0.025	0.016807	7.752564	13.63569	23.68333	15.71795	27	-5.883127	-19.24744	-13.36431	-15.93077	2.082257	NA	NA	NA	NA	NA	NA	NA	NA	NA	NA	0.294974	0.075	0.035	0.105	0.466667	NA	NA	NA	NA	NA	NA	NA	NA	0.1764275	0.1203737	0.0029976	0.0021489
hl	0.775	0.225	0.0625	0.004972	8.134615	13.63569	24.83974	16.48718	25	-5.501076	-16.86538	-11.36431	-16.70513	2.851488	2.434409	5.506901	3.698925	3.066667	12	-3.072493	-9.565591	-6.493099	-1.264516	-2.440235	0.26068	0.0675	0.036875	0.09375	0.546296	0.0312658	0.0351555	81.1075	66.75	-0.1172562	0.0038897	0.1948211	14.3575	0.2152813	0.1945432	0.0036335	0.0034123
hl	0	0	-0.0125	0.016807	12.35385	17.86746	30.00513	21.17949	29	-5.513611	-16.64615	-11.13254	-17.65128	3.31203	NA	NA	NA	NA	NA	NA	NA	NA	NA	NA	0.23111	0.095	0.0325	0.1325	0.342105	NA	NA	NA	NA	NA	NA	NA	NA	0.1298859	0.1969685	0.0020821	0.003101
hl	0.15	0.15	0.15	0.105263	13.60385	20.92373	28.08846	20.84615	37	-7.319887	-23.39615	-16.07627	-14.48461	-0.077579	1.2	1.313869	0.4	0.8	2	-0.113869	-0.8	-0.686131	0.8	-0.513869	0.213644	0.0775	0.026875	0.11125	0.346774	0.0486839	0.0198778	125.967	55.828	0.8957448	0.0288061	0.8137444	70.139	0.1323629	-0.227062	0.0016103	0.0036696
hl	0.8	0.2	0.2875	0.112504	12.31154	19.27805	24.56026	18.4359	36	-6.966508	-23.68846	-16.72195	-12.24872	-0.842149	5.504032	12.66374	21.72177	13.6129	21	-7.159711	-15.49597	-8.336257	-16.21774	0.94916	0.163485	0.0675	0.0275	0.0975	0.407407	0.0291402	0.0103681	78.8498	33.1786	1.033385	0.0187721	0.8656397	45.6712	0.6956673	0.1709895	0.0087626	0.002967
hl	0.05	0.05	-0.125	0.044471	5.073077	13.87079	16.61923	10.84615	36	-8.797713	-30.92692	-22.12921	-11.54615	-3.024636	NA	NA	NA	NA	NA	NA	NA	NA	NA	NA	0.066698	0.125	0.019375	0.1575	0.155	0.026008	0.0227312	74	65.7738	0.1346658	0.0032768	0.1178435	8.2262	0.4598881	0.06059161	0.0072983	0.0011911
hl	0	0	-0.0125	0.016807	5.452564	15.75157	10.59872	8.025641	37	-10.29901	-31.54744	-21.24843	-5.146154	-7.725933	NA	NA	NA	NA	NA	NA	NA	NA	NA	NA	0.047388	0.0525	0.03	0.075	0.571429	NA	NA	NA	NA	NA	NA	NA	NA	0.1469185	0.04583583	0.0027945	0.0009532
hl	0.025	0.025	0.025	0.016807	5.658974	15.51648	12.18718	8.923077	37	-9.857502	-31.34103	-21.48352	-6.528205	-6.593399	NA	NA	NA	NA	NA	NA	NA	NA	NA	NA	0.053145	0.05375	0.03125	0.07625	0.581395	NA	NA	NA	NA	NA	NA	NA	NA	-0.05335471	-0.1932719	0.0008804	0.003748
hl	0	0	-0.125	0.050909	6.571795	16.69197	11.99231	9.282051	37	-10.12017	-30.4282	-20.30803	-5.420513	-7.409916	NA	NA	NA	NA	NA	NA	NA	NA	NA	NA	0.049998	0.0575	0.026875	0.08375	0.467391	NA	NA	NA	NA	NA	NA	NA	NA	0.1725079	-0.04284074	0.0021886	0.0006279
hl	0.05	0.05	-0.025	0.002232	9.267949	18.57275	18.27051	13.76923	33	-9.304803	-23.73205	-14.42725	-9.002564	-4.803521	NA	NA	NA	NA	NA	NA	NA	NA	NA	NA	0.205181	0.06625	0.02625	0.09625	0.396226	0.0154126	0.0152647	49	51.8919	0.009642384	0.0001479	-0.05734241	2.8919	0.002879631	-0.182518	3.99e-05	0.0027857
hl	0.05	0.05	0.05	0.033898	10.79359	19.98334	20.64231	15.71795	35	-9.189751	-24.20641	-15.01666	-9.848718	-4.265392	NA	NA	NA	NA	NA	NA	NA	NA	NA	NA	0.239731	0.06625	0.02625	0.08625	0.396226	0.185309	0.0137345	200	47.8321	2.602114	0.1715745	1.43062	152.1679	-0.02922977	-0.2353123	0.0003813	0.003429
hl	0.05	0.05	0.05	0.033898	12.37564	19.04295	17.5218	14.94872	32	-6.667307	-19.62436	-12.95705	-5.146154	-4.09423	NA	NA	NA	NA	NA	NA	NA	NA	NA	NA	0.257092	0.03875	0.02875	0.05375	0.741935	0.0313678	0.0157524	105	56.303	0.6887892	0.0156154	0.6232125	48.697	0.06271366	-0.1567625	0.0008522	0.0024299
hl	0.825	0.175	-0.05	0.007995	12.37564	19.04295	17.5218	14.94872	32	-6.667307	-19.62436	-12.95705	-5.146154	-4.09423	6.215909	11.58065	9.346591	7.78125	28	-5.364738	-21.78409	-16.41935	-3.130682	-3.799397	0.257092	0.03875	0.02875	0.05375	0.741935	0.0208099	0.00750769	72.3617	29.1429	1.019501	0.01330221	0.9094658	43.2188	0.07218395	-0.1610609	0.0009474	0.0024295
hl	0.25	0.25	0.25	0.181818	17.42436	21.62903	21.90897	19.66667	35	-4.204669	-17.57564	-13.37097	-4.484615	-1.962361	13.91111	15.19989	21.64444	17.77778	21	-1.288777	-7.088889	-5.800112	-7.733333	2.57789	0.276551	0.04375	0.028125	0.0625	0.642857	0.0232781	0.0116134	71.6444	40.2862	0.6953534	0.0116647	0.575706	31.3582	-0.6619573	-0.7858704	0.00716304	0.00894612
hl	0.025	0.025	0.025	0.016807	17.51282	21.39393	20.4359	18.97436	34	-3.881109	-16.48718	-12.60607	-2.923077	-2.419571	NA	NA	NA	NA	NA	NA	NA	NA	NA	NA	0.249137	0.05	0.034375	0.075	0.6875	NA	NA	NA	NA	NA	NA	NA	NA	-0.3875391	-0.4372891	0.00432828	0.00512128
hl	0.125	0.125	0.0375	0.00463	16.6359	20.92373	18.74872	17.69231	35	-4.287836	-18.3641	-14.07627	-2.112821	-3.231426	5.6	5.28	4.9	5.25	4	0.32	1.6	1.28	0.7	-0.03	0.186965	0.03875	0.02875	0.05375	0.741935	NA	NA	73.65	44.3445	NA	NA	0.5073355	29.3055	-0.1906207	-0.2911689	0.00191404	0.00316804
hl	0.65	0.35	0.175	0.029018	15.11154	18.57275	11.70897	13.41026	33	-3.461214	-17.88846	-14.42725	3.402564	-5.162496	7.24	11.53053	9	8.12	24	-4.290525	-16.76	-12.46947	-1.76	-3.410525	0.120779	0.03875	0.02875	0.05375	0.741935	0.017221	0.00865301	60.6815	34.4011	0.6882223	0.00856799	0.5675503	26.2804	-0.1683589	-0.1906479	0.00129304	0.00148942
hl	0	0	-0.0125	0.016807	12.91026	16.69197	10.57692	11.74359	30	-3.781711	-17.08974	-13.30803	2.333333	-4.948377	NA	NA	NA	NA	NA	NA	NA	NA	NA	NA	0.082016	0.045	0.029375	0.06375	0.652778	NA	NA	NA	NA	NA	NA	NA	NA	-0.05591943	-0.2058668	0.00047436	0.00201373
hl	0.6	0.4	0.1	0.010603	12.50641	15.98667	10.51923	11.51282	27	-3.480262	-14.49359	-11.01333	1.987179	-4.473852	4.050725	8.301441	3.775362	3.913043	19	-4.250716	-14.94928	-10.69856	0.275362	-4.388397	0.100405	0.06	0.029375	0.08625	0.489583	0.017606	0.00895661	57.5091	33.0417	0.6758479	0.00864939	0.5541728	24.4674	-0.1193556	-0.2132173	0.00083261	0.00154149
hl	0	0	-0.0125	0.016807	11.77436	15.28138	11.91795	11.84615	27	-3.507019	-15.22564	-11.71862	-0.14359	-3.435224	NA	NA	NA	NA	NA	NA	NA	NA	NA	NA	0.08602	0.07	0.03	0.1	0.428571	NA	NA	NA	NA	NA	NA	NA	NA	-0.2827047	-0.1678777	0.0035698	0.0020308
hl	0.15	0.15	0.15	0.105263	10.72564	15.04628	9.889744	10.30769	27	-4.320639	-16.27436	-11.95372	0.835897	-4.738588	1.866667	2.189781	2.133333	2	3	-0.323114	-1.133333	-0.810219	-0.266667	-0.189781	0.067807	0.05	0.034375	0.06875	0.6875	NA	NA	123.2	39.7406	NA	NA	1.131436	83.4594	-0.1541176	-0.1903184	0.00160491	0.0021741
hl	0	0	-0.0125	0.016807	9.648718	13.87079	6.864103	8.25641	24	-4.222072	-14.35128	-10.12921	2.784615	-5.614379	NA	NA	NA	NA	NA	NA	NA	NA	NA	NA	0.066963	0.05125	0.035625	0.07	0.695122	NA	NA	NA	NA	NA	NA	NA	NA	0.0865652	0.03886478	0.001098	0.0005264
hl	0.025	0.025	0.025	0.016807	11.23077	14.34099	10.71795	10.97436	25	-3.110216	-13.76923	-10.65901	0.512821	-3.366627	NA	NA	NA	NA	NA	NA	NA	NA	NA	NA	0.122763	0.0525	0.036875	0.07125	0.702381	NA	NA	NA	NA	NA	NA	NA	NA	0.0947438	0.1200966	0.0010052	0.00122653
hl	0.025	0.025	0.025	0.016807	15.77308	16.92706	19.56026	17.66667	25	-1.153988	-9.226923	-8.072935	-3.787179	0.739602	NA	NA	NA	NA	NA	NA	NA	NA	NA	NA	0.170453	0.06375	0.04125	0.09375	0.647059	NA	NA	NA	NA	NA	NA	NA	NA	-0.5140942	-0.2025465	0.0069759	0.0022872
hl	0.95	0.05	0.7125	0.452799	3.080769	7.288042	17.48333	10.28205	13	-4.207273	-9.919231	-5.711958	-14.40256	2.994009	1.964438	4.760107	8.900427	5.432432	9	-2.795669	-7.035562	-4.239893	-6.935989	0.672325	0.207809	0.295	0.019375	0.37375	0.065678	NA	NA	111.584	55	NA	NA	0.7074445	56.584	1.095224	1.199754	0.0400169	0.0415616
hl	0	0	-0.0125	0.016807	3.178205	7.52314	15.64231	9.410256	13	-4.344935	-9.821795	-5.47686	-12.4641	1.887116	NA	NA	NA	NA	NA	NA	NA	NA	NA	NA	0.185452	0.24625	0.020625	0.3175	0.083756	NA	NA	NA	NA	NA	NA	NA	NA	0.9768623	1.002314	0.0400732	0.0406813
hl	0	0	-0.0125	0.016807	2.99359	7.288042	15.6218	9.307692	13	-4.294452	-10.00641	-5.711958	-12.6282	2.01965	NA	NA	NA	NA	NA	NA	NA	NA	NA	NA	0.191539	0.3175	0.015	0.3725	0.047244	NA	NA	NA	NA	NA	NA	NA	NA	1.004708	0.9438666	0.0407377	0.0398982
hl	0	0	-0.0125	0.016807	3.014103	7.52314	15.70385	9.358974	12	-4.509037	-8.985897	-4.47686	-12.68974	1.835834	NA	NA	NA	NA	NA	NA	NA	NA	NA	NA	0.192703	0.29	0.014375	0.3425	0.049569	NA	NA	NA	NA	NA	NA	NA	NA	1.132339	1.037469	0.0467722	0.0445588
hl	0	0	-0.0125	0.016807	3.232051	8.463533	7.79359	5.512821	21	-5.231481	-17.76795	-12.53647	-4.561538	-2.950712	NA	NA	NA	NA	NA	NA	NA	NA	NA	NA	0.154991	0.3425	0.011875	0.4	0.034672	NA	NA	NA	NA	NA	NA	NA	NA	0.7259902	0.8100732	0.0332079	0.0348709
hl	0	0	-0.0125	0.016807	3.192308	8.463533	6.141026	4.666667	20	-5.271225	-16.80769	-11.53647	-2.948718	-3.796866	NA	NA	NA	NA	NA	NA	NA	NA	NA	NA	0.154966	0.29125	0.015625	0.34375	0.053648	NA	NA	NA	NA	NA	NA	NA	NA	0.7690517	0.8743557	0.0365184	0.0387815
hl	0	0	-0.0125	0.016807	3.192308	8.463533	6.141026	4.666667	20	-5.271225	-16.80769	-11.53647	-2.948718	-3.796866	NA	NA	NA	NA	NA	NA	NA	NA	NA	NA	0.154966	0.29125	0.015625	0.34375	0.053648	NA	NA	NA	NA	NA	NA	NA	NA	0.7918662	0.8376485	0.0372299	0.0377438
hl	0	0	-0.0125	0.016807	3.292308	8.933729	10.04103	6.666667	20	-5.641421	-16.70769	-11.06627	-6.748718	-2.267062	NA	NA	NA	NA	NA	NA	NA	NA	NA	NA	0.173653	0.29125	0.015625	0.34375	0.053648	NA	NA	NA	NA	NA	NA	NA	NA	0.7753032	0.999762	0.0364595	0.0417533
hl	0	0	-0.0125	0.016807	3.194872	8.698631	10.0359	6.615385	20	-5.503759	-16.80513	-11.30137	-6.841026	-2.083246	NA	NA	NA	NA	NA	NA	NA	NA	NA	NA	0.17838	0.3175	0.015	0.3725	0.047244	NA	NA	NA	NA	NA	NA	NA	NA	0.8799665	0.9666268	0.0388239	0.0404245
hl	0.025	0.025	0.025	0.016807	5.39359	13.87079	27.37564	16.38462	32	-8.4772	-26.60641	-18.12921	-21.98205	2.513826	NA	NA	NA	NA	NA	NA	NA	NA	NA	NA	0.201599	0.29	0.014375	0.3425	0.049569	NA	NA	NA	NA	NA	NA	NA	NA	0.9168496	0.8531376	0.0373333	0.0356975
hl	0	0	-0.025	0.033898	7.020513	15.04628	31.85128	19.4359	30	-8.025767	-22.97949	-14.95372	-24.83077	4.389617	NA	NA	NA	NA	NA	NA	NA	NA	NA	NA	0.259769	0.265	0.015	0.315	0.056604	NA	NA	NA	NA	NA	NA	NA	NA	1.244462	1.364858	0.0415994	0.0426387
hl	0.125	0.125	-0.6875	0.432571	6.684615	15.28138	28.7	17.69231	32	-8.596763	-25.31538	-16.71862	-22.01538	2.410929	20.6	21.12	15.9	18.25	26	-0.52	-5.4	-4.88	4.7	-2.87	0.269039	0.265	0.015	0.315	0.056604	0.00799882	0.0982114	19.3	133.755	-2.507828	0.09021258	-1.935905	114.455	1.266062	1.329644	0.0416442	0.0417919
hl	0	0	-0.1	0.042411	6.882051	15.98667	28.70769	17.79487	34	-9.104621	-27.11795	-18.01333	-21.82564	1.808199	NA	NA	NA	NA	NA	NA	NA	NA	NA	NA	0.254905	0.18	0.02	0.22	0.111111	NA	NA	NA	NA	NA	NA	NA	NA	1.123203	1.172202	0.040018	0.0401335
hl	0	0	-0.0125	0.016807	6.623077	15.98667	28.65897	17.64103	36	-9.363596	-29.37692	-20.01333	-22.0359	1.654353	NA	NA	NA	NA	NA	NA	NA	NA	NA	NA	0.245475	0.18	0.02	0.22	0.111111	NA	NA	NA	NA	NA	NA	NA	NA	1.120993	1.164534	0.0370609	0.0378245
hl	0	0	-0.0125	0.016807	6.435897	15.75157	28.74359	17.58974	37	-9.315677	-30.5641	-21.24843	-22.30769	1.838169	NA	NA	NA	NA	NA	NA	NA	NA	NA	NA	0.259512	0.18	0.02	0.22	0.111111	NA	NA	NA	NA	NA	NA	NA	NA	0.9507505	0.978797	0.0322906	0.0328531
hl	0	0	-0.0125	0.016807	6.438462	15.98667	28.63846	17.53846	39	-9.548211	-32.56154	-23.01333	-22.2	1.551789	NA	NA	NA	NA	NA	NA	NA	NA	NA	NA	0.248129	0.18	0.02	0.22	0.111111	NA	NA	NA	NA	NA	NA	NA	NA	1.086015	1.052994	0.0350801	0.0351734
hl	0.025	0.025	0.025	0.016807	5.569231	15.51648	26.02051	15.79487	41	-9.947246	-35.43077	-25.48352	-20.45128	0.278395	NA	NA	NA	NA	NA	NA	NA	NA	NA	NA	0.23585	0.24375	0.018125	0.29125	0.074359	NA	NA	NA	NA	NA	NA	NA	NA	0.9784907	0.997001	0.0338814	0.0335824
hl	0.05	0.05	0.05	0.033898	6.230769	17.16216	32.64103	19.4359	45	-10.93139	-38.76923	-27.83784	-26.41026	2.273734	NA	NA	NA	NA	NA	NA	NA	NA	NA	NA	0.2614	0.24375	0.018125	0.29125	0.074359	0.176411	0.0674236	200	113.356	0.9618214	0.1089874	0.5677841	86.644	0.8951357	0.9981677	0.0282731	0.0297949
hl	0.05	0.05	0.05	0.033898	5.402564	11.99	18.39231	11.89744	18	-6.58744	-12.59744	-6.009996	-12.98974	-0.092569	NA	NA	NA	NA	NA	NA	NA	NA	NA	NA	0.270758	0.26875	0.01875	0.31875	0.069767	NA	NA	200	106.965	NA	NA	0.6258157	93.035	0.6663043	0.8586135	0.0268135	0.0306736
hl	0	0	-0.0125	0.016807	4.160256	11.04961	19.89103	12.02564	21	-6.889356	-16.83974	-9.950388	-15.73077	0.976029	NA	NA	NA	NA	NA	NA	NA	NA	NA	NA	0.249044	0.2675	0.0175	0.3175	0.065421	NA	NA	NA	NA	NA	NA	NA	NA	1.15467	1.607057	0.0391338	0.0459853
hl	0.025	0.025	-0.175	0.059395	4.162821	11.28471	19.88846	12.02564	23	-7.12189	-18.83718	-11.71529	-15.72564	0.740931	NA	NA	NA	NA	NA	NA	NA	NA	NA	NA	0.212447	0.22125	0.01875	0.26625	0.084746	NA	NA	NA	NA	NA	NA	NA	NA	1.11938	1.550571	0.0377424	0.0438234
hl	0.05	0.05	-0.0625	0.011676	4.171795	12.2251	27.82821	16	22	-8.053308	-17.82821	-9.774897	-23.65641	3.774897	NA	NA	NA	NA	NA	NA	NA	NA	NA	NA	0.336072	0.24375	0.018125	0.29125	0.074359	0.100591	0.083576	174.5	105.347	0.1853064	0.017015	0.5046651	69.153	1.229765	1.382699	0.0400895	0.0412243
hl	0.95	0.05	0.95	0.926829	3.141026	10.10922	26.29487	14.71795	20	-6.968194	-16.85897	-9.890781	-23.15385	4.608729	1.418208	6.188139	9.770982	5.594595	20	-4.769931	-18.58179	-13.81186	-8.352774	-0.593545	0.309485	0.315	0.0125	0.37	0.039683	0.0977474	0.100591	122.936	137.5	-0.02867619	0.0028436	-0.11196	14.564	1.375833	1.491715	0.0529469	0.0548584
hl	0	0	-0.0125	0.016807	2.35641	7.52314	14.77179	8.564103	17	-5.16673	-14.64359	-9.47686	-12.41539	1.040963	NA	NA	NA	NA	NA	NA	NA	NA	NA	NA	0.311977	0.43125	0.00875	0.46375	0.02029	NA	NA	NA	NA	NA	NA	NA	NA	1.541995	1.969364	0.0631669	0.067704
hl	0	0	-0.0125	0.016807	1.674359	5.877453	11.14615	6.410256	16	-4.203094	-14.32564	-10.12255	-9.471795	0.532803	NA	NA	NA	NA	NA	NA	NA	NA	NA	NA	0.194524	0.46375	0.008125	0.4975	0.01752	NA	NA	NA	NA	NA	NA	NA	NA	1.497571	1.951708	0.0649532	0.0714621
hl	0	0	-0.0125	0.016807	1.526923	5.407257	5.601282	3.564103	15	-3.880334	-13.47308	-9.592743	-4.074359	-1.843154	NA	NA	NA	NA	NA	NA	NA	NA	NA	NA	0.121363	0.4325	0.01	0.4975	0.023121	NA	NA	NA	NA	NA	NA	NA	NA	1.577982	2.055097	0.0663991	0.0726241
hl	0	0	-0.0125	0.016807	1.526923	5.407257	5.601282	3.564103	15	-3.880334	-13.47308	-9.592743	-4.074359	-1.843154	NA	NA	NA	NA	NA	NA	NA	NA	NA	NA	0.121363	0.4325	0.01	0.4975	0.023121	NA	NA	NA	NA	NA	NA	NA	NA	1.585871	2.076308	0.0665348	0.072848
hl	0	0	-0.0375	0.017094	1.944872	8.698631	25.38846	13.66667	22	-6.753759	-20.05513	-13.30137	-23.44359	4.968036	NA	NA	NA	NA	NA	NA	NA	NA	NA	NA	0.611444	0.5	0.01	0.57	0.02	NA	NA	NA	NA	NA	NA	NA	NA	1.891988	1.940164	0.0819687	0.0816386
hl	0	0	-0.0875	0.123894	2.142308	9.403925	27.34487	14.74359	23	-7.261617	-20.85769	-13.59608	-25.20256	5.339665	NA	NA	NA	NA	NA	NA	NA	NA	NA	NA	0.59012	0.5	0.01	0.57	0.02	NA	NA	NA	NA	NA	NA	NA	NA	2.061127	1.991672	0.0841079	0.0832254
hl	0	0	-0.3125	0.137263	2.044872	9.168827	23.44231	12.74359	25	-7.123955	-22.95513	-15.83117	-21.39744	3.574763	NA	NA	NA	NA	NA	NA	NA	NA	NA	NA	0.552999	0.57125	0.00875	0.64625	0.015317	NA	NA	NA	NA	NA	NA	NA	NA	2.065427	2.161791	0.0791776	0.0782112
hl	0	0	-0.025	0.033898	2.044872	9.168827	13.69872	7.871795	30	-7.123955	-27.95513	-20.83117	-11.65385	-1.297032	NA	NA	NA	NA	NA	NA	NA	NA	NA	NA	0.395208	0.43375	0.01125	0.49875	0.025937	NA	NA	NA	NA	NA	NA	NA	NA	1.821966	1.886935	0.0823515	0.0795662
hl	0	0	-0.275	0.115028	1.747436	7.993336	19.53461	10.64103	23	-6.2459	-21.25256	-15.00666	-17.78718	2.647689	NA	NA	NA	NA	NA	NA	NA	NA	NA	NA	0.333814	0.465	0.009375	0.5325	0.020161	NA	NA	NA	NA	NA	NA	NA	NA	1.925247	2.458714	0.087021	0.09241666
hl	0	0	-0.0125	0.016807	1.747436	7.993336	19.53461	10.64103	23	-6.2459	-21.25256	-15.00666	-17.78718	2.647689	NA	NA	NA	NA	NA	NA	NA	NA	NA	NA	0.333814	0.465	0.009375	0.5325	0.020161	NA	NA	NA	NA	NA	NA	NA	NA	1.881289	2.376257	0.0863533	0.09167358
hl	0	0	-0.025	0.033898	2.544872	11.51981	29.30128	15.92308	32	-8.974936	-29.45513	-20.48019	-26.75641	4.403269	NA	NA	NA	NA	NA	NA	NA	NA	NA	NA	0.437927	0.4325	0.01	0.4975	0.023121	NA	NA	NA	NA	NA	NA	NA	NA	1.75699	2.250071	0.0831011	0.0898473
hl	0.025	0.025	0.025	0.016807	2.158974	7.288042	16.71282	9.435897	19	-5.129068	-16.84103	-11.71196	-14.55385	2.147856	NA	NA	NA	NA	NA	NA	NA	NA	NA	NA	0.416846	0.4975	0.0075	0.5325	0.015075	NA	NA	NA	NA	NA	NA	NA	NA	1.711746	1.862232	0.0750575	0.0766776
hl	0	0	-0.0125	0.016807	3.652564	10.81451	27.68077	15.66667	22	-7.16195	-18.34744	-11.18549	-24.0282	4.852153	NA	NA	NA	NA	NA	NA	NA	NA	NA	NA	0.288499	0.3425	0.011875	0.4	0.034672	NA	NA	NA	NA	NA	NA	NA	NA	1.748229	1.763547	0.0651186	0.064096
hl	0	0	-0.0125	0.016807	2.711538	10.34432	25.03205	13.8718	26	-7.632779	-23.28846	-15.65568	-22.32051	3.527477	NA	NA	NA	NA	NA	NA	NA	NA	NA	NA	0.217007	0.24375	0.018125	0.315	0.074359	NA	NA	NA	NA	NA	NA	NA	NA	1.652593	1.554652	0.0557026	0.0537365
hl	0.975	0.025	0.9625	0.926875	3.053846	11.04961	28.74103	15.89744	25	-7.995766	-21.94615	-13.95039	-25.68718	4.847824	1.82726	7.568766	11.75169	6.789474	24	-5.741505	-22.17274	-16.43123	-9.924426	-0.779292	0.315627	0.2425	0.016875	0.31375	0.069588	NA	NA	NA	NA	NA	NA	NA	NA	1.394562	1.268365	0.0385387	0.0351527
hl	0	0	-0.025	0.033898	3.438462	11.75491	28.76667	16.10256	24	-8.316445	-20.56154	-12.24509	-25.32821	4.347658	NA	NA	NA	NA	NA	NA	NA	NA	NA	NA	0.296532	0.2225	0.02	0.29	0.089888	NA	NA	NA	NA	NA	NA	NA	NA	1.524614	1.275827	0.0392881	0.0344572
hl	0.05	0.05	-0.6375	0.372598	3.820513	12.4602	24.89744	14.35897	26	-8.639688	-22.17949	-13.5398	-21.07692	1.898774	NA	NA	NA	NA	NA	NA	NA	NA	NA	NA	0.260407	0.1625	0.021875	0.21875	0.134615	0.0314264	0.0757028	88	113.016	-0.8791668	0.0442764	-0.2501926	25.016	1.498696	1.324979	0.0381339	0.0354947
hl	0	0	-0.075	0.105263	4.601282	13.63569	26.93718	15.76923	26	-9.034409	-21.39872	-12.36431	-22.3359	2.133539	NA	NA	NA	NA	NA	NA	NA	NA	NA	NA	0.297285	0.18125	0.02125	0.24125	0.117241	NA	NA	NA	NA	NA	NA	NA	NA	1.638689	1.367628	0.03933046	0.0340288
hl	0.025	0.025	0.025	0.016807	7.425641	17.16216	32.67692	20.05128	27	-9.736522	-19.57436	-9.837837	-25.25128	2.889119	NA	NA	NA	NA	NA	NA	NA	NA	NA	NA	0.432482	0.20125	0.020625	0.265	0.102484	NA	NA	NA	NA	NA	NA	NA	NA	1.211918	1.113608	0.0297867	0.0284828
hl	0.025	0.025	-0.025	0.003478	8.019231	17.63236	30.90385	19.46154	26	-9.613129	-17.98077	-8.367641	-22.88462	1.829179	NA	NA	NA	NA	NA	NA	NA	NA	NA	NA	0.43772	0.2025	0.021875	0.26625	0.108025	NA	NA	NA	NA	NA	NA	NA	NA	1.090205	1.064691	0.0282758	0.0279058
hl	0.95	0.05	0.1125	0.034286	8.180769	17.63236	24.89615	16.53846	27	-9.45159	-18.81923	-9.367641	-16.71539	-1.093898	6.388336	12.37628	11.82788	9.108108	13	-5.987942	-6.611664	-0.623722	-5.439545	-3.26817	0.409786	0.22375	0.02125	0.29125	0.094972	0.0588083	0.000460475	108.725	1	4.84978	0.05834782	4.688822	107.725	0.9193894	1.008815	0.0246609	0.0256742
hl	0	0	-0.0125	0.016807	9.139744	19.04295	26.09103	17.61538	28	-9.903205	-18.86026	-8.957052	-16.95128	-1.427564	NA	NA	NA	NA	NA	NA	NA	NA	NA	NA	0.410186	0.18375	0.02375	0.24375	0.129252	NA	NA	NA	NA	NA	NA	NA	NA	0.8433096	0.902779	0.0230952	0.0240015
hl	0.1	0.1	0	0.00463	9.142308	19.27805	26.08846	17.61538	30	-10.13574	-20.85769	-10.72195	-16.94615	-1.662662	24.33333	23.45454	26.33333	25.33333	18	0.878788	6.333333	5.454545	-2	1.878788	0.405094	0.26625	0.01625	0.31625	0.061033	0.0238449	0.0628077	34.5833	116.633	-0.9685073	0.0389628	-1.215661	82.0497	0.7850385	0.8770546	0.0211734	0.0226353
hl	0	0	-0.0125	0.016807	9.461538	19.51315	27.66667	18.5641	28	-10.05161	-18.53846	-8.486855	-18.20513	-0.949042	NA	NA	NA	NA	NA	NA	NA	NA	NA	NA	0.400307	0.26875	0.01875	0.34375	0.069767	NA	NA	NA	NA	NA	NA	NA	NA	1.163735	1.341739	0.035172	0.0376515
hl	0.9	0.1	0.1375	0.033169	9.461538	19.51315	27.66667	18.5641	28	-10.05161	-18.53846	-8.486855	-18.20513	-0.949042	4.18254	10.36949	15.98889	10.08571	20	-6.186948	-15.81746	-9.630512	-11.80635	-0.283774	0.400307	0.26875	0.01875	0.34375	0.069767	NA	NA	130.09	35.25	NA	NA	1.305761	94.84	1.168167	1.315809	0.0352095	0.0372662
hl	0.75	0.25	0.7375	0.631388	10.16795	21.62903	16.44744	13.30769	34	-11.46108	-23.83205	-12.37097	-6.279487	-8.321335	1.487356	4.291137	1.616092	1.551724	14	-2.803781	-12.51264	-9.708863	-0.128736	-2.739413	0.316172	0.17125	0.030625	0.24625	0.178832	NA	NA	146.931	22.2444	NA	NA	1.887873	124.6866	1.472604	1.304307	0.02930829	0.0277098
hl	0.05	0.05	-0.0125	0.002528	8.141026	19.27805	11.85897	10	36	-11.13702	-27.85897	-16.72195	-3.717949	-9.278046	NA	NA	NA	NA	NA	NA	NA	NA	NA	NA	0.235747	0.27	0.02	0.345	0.074074	NA	NA	123.5	94.7532	NA	NA	0.2649655	28.7468	1.453868	1.250788	0.02953939	0.0275113
hl	0	0	-0.0125	0.016807	5.85	9.639023	9.89359	7.871795	15	-3.789023	-9.15	-5.360977	-4.04359	-1.767228	NA	NA	NA	NA	NA	NA	NA	NA	NA	NA	0.114944	0.06	0.044375	0.085	0.739583	NA	NA	NA	NA	NA	NA	NA	NA	NA	-0.3095323	NA	0.0142643
hl	0.025	0.025	0.025	0.016807	4.785897	8.698631	8.803846	6.794872	16	-3.912733	-11.2141	-7.301369	-4.017949	-1.903759	NA	NA	NA	NA	NA	NA	NA	NA	NA	NA	0.125506	0.12	0.03	0.18	0.25	NA	NA	NA	NA	NA	NA	NA	NA	-0.3530284	-0.3436922	0.0161874	0.015281
hl	0	0	-0.0125	0.016807	4.960256	8.698631	8.834615	6.897436	15	-3.738374	-10.03974	-6.301369	-3.874359	-1.801195	NA	NA	NA	NA	NA	NA	NA	NA	NA	NA	0.125589	0.135	0.029375	0.2	0.217593	NA	NA	NA	NA	NA	NA	NA	NA	-0.3523915	-0.3250193	0.0162184	0.0143687
hl	0.1	0.1	-0.2	0.059006	4.85641	8.228434	6.323077	5.589744	14	-3.372024	-9.14359	-5.771566	-1.466667	-2.638691	1.833333	1.636364	1.5	1.666667	1	0.19697	0.833333	0.636364	0.333333	0.030303	0.068534	0.145	0.0225	0.18	0.155172	NA	NA	139.917	45.2206	NA	NA	1.129497	94.6964	-0.198203	-0.1707724	0.0064232	0.0053669
hl	0	0	-0.0125	0.016807	5.117949	8.463533	6.369231	5.74359	14	-3.345584	-8.882051	-5.536467	-1.251282	-2.719943	NA	NA	NA	NA	NA	NA	NA	NA	NA	NA	0.040295	0.08375	0.04375	0.14375	0.522388	NA	NA	NA	NA	NA	NA	NA	NA	-0.4393593	-0.5492715	0.0175763	0.0229433
hl	0.775	0.225	-0.1875	0.087963	5.924359	10.34432	6.434615	6.179487	18	-4.419959	-12.07564	-7.655682	-0.510256	-4.16483	4.12043	7.509411	4.346237	4.233333	14	-3.388981	-9.87957	-6.490589	-0.225806	-3.276078	0.033259	0.05375	0.038125	0.07875	0.709302	0.0432444	0.0170569	54.7237	21.4722	0.9303129	0.0261875	0.9355378	33.2515	-0.6450862	-0.7072749	0.024632	0.027298
hl	0	0	-0.0125	0.016807	6.085897	11.51981	7.298718	6.692308	22	-5.433911	-15.9141	-10.48019	-1.212821	-4.827501	NA	NA	NA	NA	NA	NA	NA	NA	NA	NA	0.068425	0.05375	0.038125	0.07875	0.709302	NA	NA	NA	NA	NA	NA	NA	NA	-0.5634042	-0.6608335	0.0232952	0.0285349
hl	0.125	0.125	0.125	0.086957	6.588462	11.99	7.411538	7	21	-5.401543	-14.41154	-9.009996	-0.823077	-4.990004	6.2	5.76	7.3	6.75	4	0.44	2.2	1.76	-1.1	0.99	0.06666	0.05375	0.038125	0.07875	0.709302	0.0550602	0.0316018	36.2	44.1403	0.5552131	0.0234584	-0.1983141	7.9403	-0.8080545	-0.8464392	0.0321369	0.0341011
hl	0.05	0.05	0.05	0.033898	8.198718	12.6953	9.391026	8.794872	21	-4.496581	-12.80128	-8.304701	-1.192308	-3.900427	NA	NA	NA	NA	NA	NA	NA	NA	NA	NA	0.105018	0.05	0.034375	0.06875	0.6875	0.10784	0.0204771	129.5	34.1458	1.661341	0.0873629	1.333041	95.3542	-1.243739	-1.224089	0.04703	0.048036
hl	0.125	0.125	0.125	0.086957	9.096154	13.40059	10.44231	9.769231	24	-4.304439	-14.90385	-10.59941	-1.346154	-3.631362	0.4	0.48	0.1	0.25	1	-0.08	-0.6	-0.52	0.3	-0.23	0.122463	0.0675	0.051875	0.09875	0.768519	NA	NA	96.05	41.6866	NA	NA	0.8346892	54.3634	-1.059206	-1.089458	0.0420689	0.045289
hl	0	0	-0.0125	0.016807	6.826923	10.81451	7.788462	7.307692	21	-3.987591	-14.17308	-10.18549	-0.961538	-3.506822	NA	NA	NA	NA	NA	NA	NA	NA	NA	NA	0.117839	0.09	0.039375	0.14625	0.4375	NA	NA	NA	NA	NA	NA	NA	NA	-0.7980639	-0.817878	0.0371958	0.0394002
hl	0.025	0.025	0.025	0.016807	6.320513	9.639023	9.166667	7.74359	18	-3.31851	-11.67949	-8.360977	-2.846154	-1.895433	NA	NA	NA	NA	NA	NA	NA	NA	NA	NA	0.135394	0.1025	0.04	0.165	0.390244	NA	NA	NA	NA	NA	NA	NA	NA	-0.7787661	-0.8262089	0.036534	0.0402839
hl	0	0	-0.0125	0.016807	4.197436	8.228434	5.95641	5.076923	17	-4.030999	-12.80256	-8.771566	-1.758974	-3.151511	NA	NA	NA	NA	NA	NA	NA	NA	NA	NA	0.144445	0.0675	0.036875	0.1025	0.546296	NA	NA	NA	NA	NA	NA	NA	NA	-0.4133966	-0.6856162	0.0207228	0.0398712
hl	0.1	0.1	0.1	0.068966	5.205128	8.698631	11.71795	8.461538	18	-3.493502	-12.79487	-9.301369	-6.512821	-0.237092	0	0	0	0	0	0	0	0	0	0	0.180594	0.1375	0.031875	0.2025	0.231818	0.0848862	0.0383975	95.0833	45.4325	0.7933192	0.0464887	0.7385256	49.6508	-0.847069	-0.9879774	0.0421859	0.0545952
hl	0	0	-0.0125	0.016807	4.607692	8.698631	10.16154	7.384615	21	-4.090938	-16.39231	-12.30137	-5.553846	-1.314015	NA	NA	NA	NA	NA	NA	NA	NA	NA	NA	0.102731	0.12125	0.03125	0.18125	0.257732	NA	NA	NA	NA	NA	NA	NA	NA	-0.5814968	-0.789747	0.030916	0.0485271
hl	0	0	-0.075	0.026316	2.617949	6.112551	5.176923	3.897436	15	-3.494603	-12.38205	-8.887449	-2.558974	-2.215115	NA	NA	NA	NA	NA	NA	NA	NA	NA	NA	0.081761	0.165	0.024375	0.22125	0.147727	NA	NA	NA	NA	NA	NA	NA	NA	-0.1456658	-0.4076877	0.0074562	0.0248834
hl	0	0	-0.2625	0.112554	2.939744	6.582748	5.214103	4.076923	15	-3.643004	-12.06026	-8.417252	-2.274359	-2.505824	NA	NA	NA	NA	NA	NA	NA	NA	NA	NA	0.076327	0.11	0.034375	0.165	0.3125	NA	NA	NA	NA	NA	NA	NA	NA	0.005894759	-0.0469739	0.0002824	0.0023624
hl	0	0	-0.0125	0.016807	4.55641	7.288042	8.571795	6.564103	12	-2.731632	-7.44359	-4.711958	-4.015385	-0.723939	NA	NA	NA	NA	NA	NA	NA	NA	NA	NA	0.175511	0.12875	0.053125	0.21125	0.412621	NA	NA	NA	NA	NA	NA	NA	NA	-0.2298276	-0.2343659	0.0127919	0.0130317
hl	0	0	-0.0125	0.016807	6.129487	7.993336	11.05	8.589744	10	-1.863849	-3.870513	-2.006664	-4.920513	0.596407	NA	NA	NA	NA	NA	NA	NA	NA	NA	NA	0.262585	0.1275	0.0375	0.1875	0.294118	NA	NA	NA	NA	NA	NA	NA	NA	-0.07805742	-0.1027949	0.003952	0.0052702
hl	0.8	0.2	-0.2	0.142857	6.341026	7.993336	11.09487	8.717949	9	-1.652311	-2.658974	-1.006664	-4.753846	0.724612	2.03629	5.214483	7.899194	4.967742	10	-3.178192	-7.96371	-4.785517	-5.862903	-0.246741	0.292868	0.12875	0.03875	0.18875	0.300971	NA	NA	69.2248	60.5714	NA	NA	0.1335363	8.6534	-0.1465878	-0.2232337	0.0072253	0.0114826
hl	0.075	0.075	0.0125	0.002232	6.719231	7.993336	11.17821	8.948718	7	-1.274106	-0.280769	0.993336	-4.458974	0.955382	4	4	3	3.5	5	0	-1	-1	1	-0.5	0.35361	0.1575	0.035	0.2275	0.222222	0.0114214	0.0536311	12.3333	54.6314	-1.54664	0.0422097	-1.488306	42.2981	-0.100238	-0.1645791	0.0048231	0.0081931
hl	0.775	0.225	-0.1625	0.057951	6.719231	7.993336	11.17821	8.948718	7	-1.274106	-0.280769	0.993336	-4.458974	0.955382	1.462366	3.003764	0.137634	0.8	5	-1.541399	-3.537634	-1.996236	1.324731	-2.203764	0.35361	0.1575	0.035	0.2275	0.222222	NA	NA	74.1796	48.25	NA	NA	0.4300934	25.9296	-0.1043694	-0.1687035	0.0050117	0.0083816
hl	0	0	-0.0125	0.016807	6.769231	8.228434	11.17949	8.974359	8	-1.459204	-1.230769	0.228434	-4.410256	0.745925	NA	NA	NA	NA	NA	NA	NA	NA	NA	NA	0.343249	0.14125	0.035625	0.20625	0.252212	NA	NA	NA	NA	NA	NA	NA	NA	-0.07815547	-0.1610562	0.0036727	0.0080628
hl	0.15	0.15	0.15	0.105263	8.047436	10.10922	14.15769	11.10256	11	-2.061784	-2.952564	-0.890781	-6.110256	0.993345	1.2	1.313869	1.2	1.2	2	-0.113869	-0.8	-0.686131	0	-0.113869	0.286915	0.10875	0.033125	0.16375	0.304598	NA	NA	87.8667	71.2995	NA	NA	0.2089316	16.5672	-0.0961614	-0.1296919	0.0050461	0.0069621
hl	0.15	0.15	0.15	0.105263	7.775641	9.874121	14.1218	10.94872	12	-2.09848	-4.224359	-2.125879	-6.346154	1.074597	1.2	1.313869	1.2	1.2	2	-0.113869	-0.8	-0.686131	0	-0.113869	0.293656	0.20125	0.020625	0.265	0.102484	NA	NA	87.8667	70.0214	NA	NA	0.22702	17.8453	-0.2388904	-0.1538413	0.0133302	0.0083031
hl	0	0	-0.0125	0.016807	4.387179	6.817846	4.84359	4.615385	12	-2.430666	-7.612821	-5.182154	-0.45641	-2.202461	NA	NA	NA	NA	NA	NA	NA	NA	NA	NA	0.203723	0.2675	0.0175	0.3425	0.065421	NA	NA	NA	NA	NA	NA	NA	NA	-0.2187654	-0.3111771	0.0128208	0.0191535
hl	0	0	-0.0125	0.016807	1.121795	3.76157	0.057692	0.589744	12	-2.639775	-10.8782	-8.23843	1.064103	-3.171826	NA	NA	NA	NA	NA	NA	NA	NA	NA	NA	0.001324	0.29625	0.020625	0.375	0.06962	NA	NA	NA	NA	NA	NA	NA	NA	-0.08171803	-0.1477191	0.006687	0.0126291
hl	0	0	-0.0125	0.016807	1.274359	3.996668	0.058974	0.666667	9	-2.722309	-7.725641	-5.003332	1.215385	-3.330001	NA	NA	NA	NA	NA	NA	NA	NA	NA	NA	0.031994	0.345	0.014375	0.4025	0.041667	NA	NA	NA	NA	NA	NA	NA	NA	-0.1950461	-0.2714893	0.0152465	0.0222543
hl	0.075	0.075	0.075	0.051282	1.469231	4.466864	0.069231	0.769231	9	-2.997634	-7.530769	-4.533136	1.4	-3.697634	0	0	0	0	0	0	0	0	0	0	0.08411	0.225	0.0225	0.2925	0.1	0.220221	0.0757781	108.667	70.7515	1.066822	0.1444429	0.4291144	37.9155	-0.2347948	-0.3046125	0.0174633	0.0233592
hl	0.05	0.05	0.05	0.033898	1.421795	4.466864	0.065385	0.74359	10	-3.04507	-8.578205	-5.533136	1.35641	-3.723275	NA	NA	NA	NA	NA	NA	NA	NA	NA	NA	0.08411	0.22375	0.02125	0.29125	0.094972	0.0101564	0.073084	9	70.0925	-1.973505	0.0629276	-2.052591	61.0925	-0.2233445	-0.2899601	0.0166872	0.0223301
hl	0.025	0.025	0.025	0.016807	1.953846	6.582748	0.097436	1.025641	19	-4.628901	-17.04615	-12.41725	1.85641	-5.557107	NA	NA	NA	NA	NA	NA	NA	NA	NA	NA	0.038306	0.18125	0.02125	0.24125	0.117241	NA	NA	NA	NA	NA	NA	NA	NA	-0.1567115	-0.3608263	0.0095175	0.0247903
hl	0	0	-0.0125	0.016807	1.611538	5.642355	0.080769	0.846154	18	-4.030817	-16.38846	-12.35764	1.530769	-4.796201	NA	NA	NA	NA	NA	NA	NA	NA	NA	NA	0.001221	0.2225	0.02	0.29	0.089888	NA	NA	NA	NA	NA	NA	NA	NA	-0.1152915	-0.2137141	0.0068723	0.013643
hl	0.05	0.05	0.05	0.033898	1.758974	6.112551	0.087179	0.923077	19	-4.353577	-17.24103	-12.88745	1.671795	-5.189474	NA	NA	NA	NA	NA	NA	NA	NA	NA	NA	0.001232	0.2225	0.02	0.29	0.089888	0.0793108	0.0644057	87	67.7411	0.2081722	0.0149051	0.250215	19.2589	-0.1050004	-0.1757283	0.0063804	0.0111986
hl	0.05	0.05	0.05	0.033898	4.402564	8.933729	11.59744	8	16	-4.531165	-11.59744	-7.066271	-7.194872	-0.933729	NA	NA	NA	NA	NA	NA	NA	NA	NA	NA	0.100992	0.11125	0.035625	0.18	0.320225	0.0897802	0.0460638	100	54.1494	0.6673371	0.0437164	0.6134233	45.8506	-0.5369683	-0.452673	0.029703	0.0238345
hl	0.025	0.025	0.025	0.016807	4.716667	9.168827	11.64231	8.179487	16	-4.45216	-11.28333	-6.831173	-6.925641	-0.98934	NA	NA	NA	NA	NA	NA	NA	NA	NA	NA	0.132759	0.155	0.0325	0.2425	0.209677	NA	NA	NA	NA	NA	NA	NA	NA	-0.3971685	-0.3876167	0.0226562	0.0224563
hl	0.125	0.125	0.125	0.086957	3.742308	9.168827	6.667949	5.205128	20	-5.426519	-16.25769	-10.83117	-2.925641	-3.963699	0	0	0	0	0	0	0	0	0	0	0.154364	0.19375	0.03375	0.29375	0.174194	NA	NA	178.65	62.0126	NA	NA	1.058091	116.6374	-0.4369993	-0.5150578	0.022976	0.0286454
hl	0	0	-0.0125	0.016807	3.034615	8.463533	3.683333	3.358974	20	-5.428917	-16.96539	-11.53647	-0.648718	-5.104558	NA	NA	NA	NA	NA	NA	NA	NA	NA	NA	0.14497	0.21	0.029375	0.31625	0.139881	NA	NA	NA	NA	NA	NA	NA	NA	-0.1698696	-0.168421	0.0093801	0.0094614
hl	0.05	0.05	0.05	0.033898	3.424359	9.403925	3.703846	3.564103	20	-5.979566	-16.57564	-10.59608	-0.279487	-5.839823	NA	NA	NA	NA	NA	NA	NA	NA	NA	NA	0.130239	0.18875	0.02875	0.28875	0.152318	0.199617	0.0518684	139.5	63.7468	1.347691	0.1477486	0.7831456	75.7532	-0.2263867	-0.2032396	0.0119914	0.0107935
hl	0.05	0.05	0.05	0.033898	3.670513	9.874121	3.355128	3.512821	21	-6.203608	-17.32949	-11.12588	0.315385	-6.361301	NA	NA	NA	NA	NA	NA	NA	NA	NA	NA	0.135609	0.10625	0.04375	0.16875	0.411765	0.0255783	0.0513974	33	63.8876	-0.6978433	0.0258191	-0.6606177	30.8876	-0.3038475	-0.2284071	0.016018	0.0117548
hl	0.8	0.2	-0.2	0.142857	5.461538	10.34432	6.846154	6.153846	19	-4.882779	-13.53846	-8.655682	-1.384615	-4.190471	1.921371	5.214483	2.143145	2.032258	16	-3.293112	-14.07863	-10.78552	-0.221774	-3.182225	0.140397	0.08625	0.035625	0.12	0.413043	NA	NA	62.4536	69.5714	NA	NA	-0.1079297	7.1178	-0.586449	-0.5721629	0.0247621	0.023985
hl	0	0	-0.125	0.050909	5.685897	10.57942	6.878205	6.282051	19	-4.893518	-13.3141	-8.420584	-1.192308	-4.297364	NA	NA	NA	NA	NA	NA	NA	NA	NA	NA	0.148389	0.08625	0.035625	0.12	0.413043	NA	NA	NA	NA	NA	NA	NA	NA	-0.4562376	-0.3517074	0.0188781	0.0137713
hl	0.075	0.075	0.075	0.051282	7.101282	12.4602	17.15513	12.1282	19	-5.358919	-11.89872	-6.539799	-10.05385	-0.331996	0	0	0	0	0	0	0	0	0	0	0.199797	0.07125	0.040625	0.10625	0.570175	NA	NA	200	54.455	NA	NA	1.300943	145.545	-0.3342227	-0.239277	0.0125194	0.0083501
hl	0.125	0.125	0.125	0.086957	7.612821	13.16549	22.0282	14.82051	21	-5.552675	-13.38718	-7.834505	-14.41539	1.655018	0.6	0.48	0.9	0.75	0	0.12	0.6	0.48	-0.3	0.27	0.199955	0.065	0.034375	0.09125	0.528846	NA	NA	143.9	63.0168	NA	NA	0.8257173	80.8832	-0.111399	0.07028621	0.0038358	0.0021249
hl	0.875	0.125	-0.1125	0.061404	7.342308	12.9304	23.58077	15.46154	21	-5.588089	-13.65769	-8.069603	-16.23846	2.531141	4.894118	9.470134	18.87059	11.88235	15	-4.576016	-10.10588	-5.529866	-13.97647	2.412219	0.213035	0.08125	0.04125	0.13125	0.507692	0.0485652	0.0176468	73.0866	30.6	1.012353	0.0309184	0.870645	42.4866	0.09325534	0.1813048	0.0030712	0.0055518
hl	0.1	0.1	0.1	0.068966	6.760256	12.4602	22.31667	14.53846	21	-5.699944	-14.23974	-8.539799	-15.55641	2.078261	0.5	0.545455	0.166667	0.333333	1	-0.045455	-0.5	-0.454545	0.333333	-0.212121	0.230914	0.09125	0.040625	0.1475	0.445205	NA	NA	155.75	58.5468	NA	NA	0.9784257	97.2032	-0.02670631	0.01374171	0.0008027	0.0003959
hl	0.025	0.025	0.025	0.016807	7.038462	12.4602	20.44872	13.74359	21	-5.421739	-13.96154	-8.539799	-13.41026	1.283389	NA	NA	NA	NA	NA	NA	NA	NA	NA	NA	0.213655	0.09125	0.040625	0.1475	0.445205	NA	NA	NA	NA	NA	NA	NA	NA	0.2796387	0.286351	0.0097729	0.00964
hl	0	0	-0.0125	0.016807	7.425641	10.81451	14.72821	11.07692	19	-3.388873	-11.57436	-8.185486	-7.302564	0.262409	NA	NA	NA	NA	NA	NA	NA	NA	NA	NA	0.18435	0.11	0.034375	0.165	0.3125	NA	NA	NA	NA	NA	NA	NA	NA	0.2532318	0.3545236	0.0097249	0.0130103
hl	0.925	0.075	-0.0625	0.030172	8.062821	13.40059	12.39872	10.23077	28	-5.337773	-19.93718	-14.59941	-4.335897	-3.169824	6.246246	9.58185	9.42042	7.833333	22	-3.335604	-15.75375	-12.41815	-3.174174	-1.748517	0.180124	0.12875	0.023125	0.1775	0.179612	0.0564619	0.0280213	79.1674	41	0.7006011	0.0284406	0.6579925	38.1674	0.2310255	0.1354966	0.0092198	0.0057003
hl	0.05	0.05	0.05	0.033898	7.034615	12.6953	13.01667	10.02564	25	-5.660683	-17.96539	-12.3047	-5.982051	-2.669658	NA	NA	NA	NA	NA	NA	NA	NA	NA	NA	0.178941	0.18125	0.02125	0.24125	0.117241	0.0928304	0.0494191	143	67.7326	0.6304372	0.0434113	0.747277	75.2674	0.1476453	0.09828343	0.0056329	0.0038634
hl	0.225	0.225	-0.225	0.048	6.637179	12.6953	12.49103	9.564103	22	-6.058119	-15.36282	-9.304701	-5.853846	-3.131196	6.222222	5.151117	4.277778	5.25	2	1.071105	4.222222	3.151117	1.944444	0.098883	0.120197	0.1	0.024375	0.1275	0.24375	0.0374348	0.0647693	37.4444	86.1011	-0.548231	0.0273345	-0.832665	48.6567	0.6845008	0.3675823	0.0180651	0.0111758
hl	0	0	-0.0375	0.051282	2.955128	9.168827	9.50641	6.230769	24	-6.213699	-21.04487	-14.83117	-6.551282	-2.938058	NA	NA	NA	NA	NA	NA	NA	NA	NA	NA	0.194036	0.17625	0.035625	0.27	0.202128	NA	NA	NA	NA	NA	NA	NA	NA	0.2537444	0.3325409	0.0109382	0.0137647
hl	0	0	-0.0125	0.016807	2.488462	7.758238	5.767949	4.128205	19	-5.269777	-16.51154	-11.24176	-3.279487	-3.630033	NA	NA	NA	NA	NA	NA	NA	NA	NA	NA	0.095381	0.1225	0.0325	0.1825	0.265306	NA	NA	NA	NA	NA	NA	NA	NA	-0.04393675	0.3895767	0.0023114	0.0162816
hl	1	0	0.0375	0.051282	2.773077	8.228434	5.791026	4.282051	19	-5.455358	-16.22692	-10.77157	-3.017949	-3.946383	2.773077	8.228434	5.791026	4.282051	19	-5.455358	-16.22692	-10.77157	-3.017949	-3.946383	0.090047	0.0975	0.035	0.1475	0.358974	NA	NA	NA	NA	NA	NA	NA	NA	0.006957293	0.4115245	0.000358	0.0170829
hl	0	0	-0.0125	0.016807	2.170513	5.877453	0.137179	1.153846	14	-3.70694	-11.82949	-8.122547	2.033333	-4.723607	NA	NA	NA	NA	NA	NA	NA	NA	NA	NA	0.085642	0.15	0.0275	0.2025	0.183333	NA	NA	NA	NA	NA	NA	NA	NA	-0.1274123	0.4592865	0.006211	0.0165397
hl	0.025	0.025	0.025	0.016807	2.579487	6.347649	0.292308	1.435897	15	-3.768162	-12.42051	-8.652351	2.287179	-4.911752	NA	NA	NA	NA	NA	NA	NA	NA	NA	NA	0.009024	0.08125	0.050625	0.13375	0.623077	NA	NA	NA	NA	NA	NA	NA	NA	-0.3155081	0.1225958	0.0171991	0.0051081
hl	0	0	-0.0125	0.016807	2.939744	8.698631	2.239744	2.589744	26	-5.758887	-23.06026	-17.30137	0.7	-6.108887	NA	NA	NA	NA	NA	NA	NA	NA	NA	NA	0.020222	0.1	0.0375	0.1625	0.375	NA	NA	NA	NA	NA	NA	NA	NA	-0.3541893	0.0432147	0.0163207	0.0015781
hl	0	0	-0.0125	0.016807	2.667949	8.463533	2.203846	2.435897	27	-5.795584	-24.33205	-18.53647	0.464103	-6.027635	NA	NA	NA	NA	NA	NA	NA	NA	NA	NA	0.015502	0.11875	0.05625	0.21875	0.473684	NA	NA	NA	NA	NA	NA	NA	NA	-0.1691172	0.1187954	0.0088546	0.0052734
hl	0.025	0.025	0.025	0.016807	2.258974	8.228434	2.048718	2.153846	27	-5.96946	-24.74103	-18.77157	0.210256	-6.074588	NA	NA	NA	NA	NA	NA	NA	NA	NA	NA	0.015406	0.21875	0.01625	0.26375	0.074286	NA	NA	NA	NA	NA	NA	NA	NA	-0.2276117	0.03694464	0.0116093	0.0016083
hl	0	0	-0.1875	0.08	2.403846	8.463533	3.903846	3.153846	26	-6.059686	-23.59615	-17.53647	-1.5	-5.309686	NA	NA	NA	NA	NA	NA	NA	NA	NA	NA	0.043536	0.1975	0.016875	0.24	0.085443	NA	NA	NA	NA	NA	NA	NA	NA	0.04523174	0.2957105	0.0020992	0.0116224
hl	0	0	-0.0125	0.016807	2.765385	8.933729	3.952564	3.358974	25	-6.168344	-22.23462	-16.06627	-1.187179	-5.574754	NA	NA	NA	NA	NA	NA	NA	NA	NA	NA	0.121711	0.12875	0.03875	0.21875	0.300971	NA	NA	NA	NA	NA	NA	NA	NA	-0.03334064	-0.03334257	0.0016058	0.0015265
hl	0	0	-0.0375	0.051282	3.126923	9.168827	5.847436	4.487179	22	-6.041904	-18.87308	-12.83117	-2.720513	-4.681647	NA	NA	NA	NA	NA	NA	NA	NA	NA	NA	0.106418	0.11875	0.043125	0.20125	0.363158	NA	NA	NA	NA	NA	NA	NA	NA	-0.05215184	-0.01174102	0.0025683	0.0005462
hl	0.025	0.025	0.025	0.016807	4.05	11.04961	5.95	5	27	-6.999612	-22.95	-15.95039	-1.9	-6.049612	NA	NA	NA	NA	NA	NA	NA	NA	NA	NA	0.120857	0.09625	0.045625	0.16375	0.474026	NA	NA	NA	NA	NA	NA	NA	NA	-0.1702642	-0.3361986	0.0065164	0.0138321
hl	0.05	0.05	0.05	0.033898	4.189744	11.28471	5.964103	5.076923	27	-7.094966	-22.81026	-15.71529	-1.774359	-6.207787	NA	NA	NA	NA	NA	NA	NA	NA	NA	NA	0.118364	0.10625	0.030625	0.16125	0.288235	0.136457	0.0335774	191.5	57.5014	1.402156	0.1028796	1.203079	133.9986	-0.329678	-0.4660798	0.0122111	0.0182334
hl	0	0	-0.0125	0.016807	3.884615	10.10922	5.75641	4.820513	25	-6.224604	-21.11538	-14.89078	-1.871795	-5.288707	NA	NA	NA	NA	NA	NA	NA	NA	NA	NA	0.061903	0.10625	0.030625	0.16125	0.288235	NA	NA	NA	NA	NA	NA	NA	NA	-0.3417814	-0.1982684	0.0140486	0.0074974
hl	0	0	-0.0125	0.016807	3.689744	9.639023	5.746154	4.717949	25	-5.94928	-21.31026	-15.36098	-2.05641	-4.921074	NA	NA	NA	NA	NA	NA	NA	NA	NA	NA	0.039766	0.10625	0.030625	0.16125	0.288235	NA	NA	NA	NA	NA	NA	NA	NA	-0.3133016	-0.1881841	0.0127693	0.0070494
hl	0	0	-0.0125	0.016807	2.537179	7.052944	7.462821	5	17	-4.515764	-14.46282	-9.947056	-4.925641	-2.052944	NA	NA	NA	NA	NA	NA	NA	NA	NA	NA	0.044458	0.0975	0.035	0.1475	0.358974	NA	NA	NA	NA	NA	NA	NA	NA	-0.2529655	-0.1170847	0.0126658	0.005324
hl	0	0	-0.2625	0.106782	2.346154	7.758238	7.910256	5.128205	20	-5.412084	-17.65385	-12.24176	-5.564103	-2.630033	NA	NA	NA	NA	NA	NA	NA	NA	NA	NA	0.032693	0.2025	0.021875	0.26625	0.108025	NA	NA	NA	NA	NA	NA	NA	NA	0.1907163	0.1607071	0.008017	0.0068346
hl	0	0	-0.0125	0.016807	2.876923	8.698631	6.046154	4.461538	24	-5.821708	-21.12308	-15.30137	-3.169231	-4.237092	NA	NA	NA	NA	NA	NA	NA	NA	NA	NA	0.116397	0.13	0.024375	0.17875	0.1875	NA	NA	NA	NA	NA	NA	NA	NA	-0.3875448	-0.2605465	0.0209112	0.0130129
hl	0	0	-0.0125	0.016807	3.021795	9.168827	6.055128	4.538462	26	-6.147032	-22.9782	-16.83117	-3.033333	-4.630365	NA	NA	NA	NA	NA	NA	NA	NA	NA	NA	0.110325	0.10375	0.028125	0.145	0.271084	NA	NA	NA	NA	NA	NA	NA	NA	-0.3676145	-0.3375847	0.019828	0.0176562
hl	0.05	0.05	0.05	0.033898	4.061538	11.28471	7.835897	5.948718	31	-7.223172	-26.93846	-19.71529	-3.774359	-5.335992	NA	NA	NA	NA	NA	NA	NA	NA	NA	NA	0.09197	0.08375	0.033125	0.12875	0.395522	0.113569	0.0374222	160	51.6337	1.110146	0.0761468	1.130999	108.3663	-0.6239176	-0.5881925	0.0299473	0.0274175
hl	0.025	0.025	0.025	0.016807	4.285897	11.51981	7.867949	6.076923	31	-7.233911	-26.7141	-19.48019	-3.582051	-5.442885	NA	NA	NA	NA	NA	NA	NA	NA	NA	NA	0.093856	0.08	0.029375	0.11375	0.367188	NA	NA	NA	NA	NA	NA	NA	NA	-0.5319704	-0.5166476	0.0267822	0.0255132
hl	0.975	0.025	-0.025	0.016807	4.270513	10.57942	7.678205	5.974359	26	-6.308903	-21.72949	-15.42058	-3.407692	-4.605057	4.188934	10.17053	5.705803	4.947368	25	-5.981595	-20.81107	-14.82947	-1.516869	-5.223161	0.170336	0.09125	0.02875	0.12875	0.315068	NA	NA	NA	NA	NA	NA	NA	NA	-0.7693479	-0.722081	0.0369675	0.0333358
hl	0.075	0.075	0.075	0.051282	4.266667	10.57942	7.425641	5.846154	23	-6.312749	-18.73333	-12.42058	-3.158974	-4.733262	0.666667	0.666667	1.333333	1	0	0	0.666667	0.666667	-0.666667	0.333333	0.129164	0.0875	0.025	0.1125	0.285714	NA	NA	138.333	66.4745	NA	NA	0.7328454	71.8585	-0.5011688	-0.4509837	0.0249092	0.0216401
hl	0.025	0.025	0.025	0.016807	4.116667	9.874121	5.473077	4.794872	21	-5.757455	-16.88333	-11.12588	-1.35641	-5.07925	NA	NA	NA	NA	NA	NA	NA	NA	NA	NA	0.138532	0.0875	0.025	0.1125	0.285714	NA	NA	NA	NA	NA	NA	NA	NA	-0.5119954	-0.4805317	0.0248955	0.0227838
hl	0.025	0.025	0.025	0.016807	3.448718	8.698631	5.371795	4.410256	19	-5.249913	-15.55128	-10.30137	-1.923077	-4.288374	NA	NA	NA	NA	NA	NA	NA	NA	NA	NA	0.154572	0.1275	0.021875	0.16	0.171569	NA	NA	NA	NA	NA	NA	NA	NA	-0.4542211	-0.3436843	0.0215288	0.0153175
hl	0.025	0.025	0.025	0.016807	2.697436	7.052944	3.661538	3.179487	15	-4.355508	-12.30256	-7.947056	-0.964103	-3.873457	NA	NA	NA	NA	NA	NA	NA	NA	NA	NA	0.191019	0.14625	0.02375	0.18125	0.162393	NA	NA	NA	NA	NA	NA	NA	NA	-0.2816363	-0.1949494	0.0134017	0.0087119
hl	0	0	-0.0125	0.016807	2.757692	6.112551	3.037179	2.897436	12	-3.354859	-9.242308	-5.887449	-0.279487	-3.215115	NA	NA	NA	NA	NA	NA	NA	NA	NA	NA	0.087794	0.1075	0.031875	0.14875	0.296512	NA	NA	NA	NA	NA	NA	NA	NA	-0.1522039	0.1241661	0.0063757	0.0046308
hl	0	0	-0.0125	0.016807	2.9	6.347649	3.048718	2.974359	12	-3.447649	-9.1	-5.652351	-0.148718	-3.37329	NA	NA	NA	NA	NA	NA	NA	NA	NA	NA	0.084497	0.1075	0.031875	0.14875	0.296512	NA	NA	NA	NA	NA	NA	NA	NA	-0.06244744	0.1515955	0.0024719	0.0055924
hl	0	0	-0.0125	0.016807	3.596154	7.288042	17.17308	10.38462	13	-3.691888	-9.403846	-5.711958	-13.57692	3.096573	NA	NA	NA	NA	NA	NA	NA	NA	NA	NA	0.290029	0.28375	0.03375	0.40875	0.118943	NA	NA	NA	NA	NA	NA	NA	NA	1.02511	0.4708065	0.0344967	0.0212048
hl	0.925	0.075	0.0375	0.060185	3.596154	7.288042	17.17308	10.38462	13	-3.691888	-9.403846	-5.711958	-13.57692	3.096573	1.855856	5.030471	11.1997	6.527778	12	-3.174615	-10.14414	-6.969529	-9.343844	1.497307	0.290029	0.28375	0.03375	0.40875	0.118943	0.0666322	0.148836	92.4955	100.5	-0.8036571	0.0822038	-0.08299773	8.0045	1.002463	0.4706823	0.0340443	0.0211943
hl	0.075	0.075	-0.0875	0.058894	4.430769	8.228434	20.18462	12.30769	14	-3.797665	-9.569231	-5.771566	-15.75385	4.079258	0.666667	0.666667	0.333333	0.5	1	0	-0.333333	-0.333333	0.333333	-0.166667	0.327956	0.2175	0.036875	0.32375	0.16954	0.148836	0.0666322	99.8333	92.8318	0.8036571	0.0822038	0.07271254	7.0015	1.012187	0.5055133	0.0341601	0.0224013
hl	0	0	-0.05	0.068966	4.873077	9.168827	20.30641	12.58974	15	-4.29575	-10.12692	-5.831173	-15.43333	3.420917	NA	NA	NA	NA	NA	NA	NA	NA	NA	NA	0.322985	0.3225	0.02	0.405	0.062016	NA	NA	NA	NA	NA	NA	NA	NA	0.9813871	0.6015219	0.0341573	0.0252797
hl	0.075	0.075	-0.0875	0.058894	5.442308	10.34432	24.25	14.84615	15	-4.90201	-9.557692	-4.655682	-18.80769	4.501836	1.333333	1.333333	0.666667	1	2	0	-0.666667	-0.666667	0.666667	-0.333333	0.309128	0.225	0.0225	0.2925	0.1	0.148836	0.0664073	94.8333	94.6486	0.807038	0.0824287	0.001949527	0.1847	0.9303164	0.4839097	0.0327531	0.0212547
hl	0.9	0.1	0.075	0.022876	5.251282	10.81451	26.13333	15.69231	17	-5.563232	-11.74872	-6.185486	-20.88205	4.877794	1.671429	4.581867	9.471429	5.571429	8	-2.910438	-6.328571	-3.418133	-7.8	0.989562	0.294834	0.3225	0.02	0.4325	0.062016	0.0699173	0.0732702	100.677	42.5	-0.04684086	0.0033529	0.8624133	58.177	0.6755181	0.2810089	0.0268923	0.0135305
hl	0	0	-0.0125	0.016807	4.802564	11.51981	25.35128	15.07692	22	-6.717244	-17.19744	-10.48019	-20.54872	3.557115	NA	NA	NA	NA	NA	NA	NA	NA	NA	NA	0.234783	0.18625	0.02625	0.26625	0.14094	NA	NA	NA	NA	NA	NA	NA	NA	0.001987236	-0.1450094	8.98e-05	0.0072308
hl	0.05	0.05	0.05	0.033898	5.187179	12.2251	25.17179	15.17949	22	-7.037923	-16.81282	-9.774897	-19.98462	2.954385	NA	NA	NA	NA	NA	NA	NA	NA	NA	NA	0.223796	0.1675	0.026875	0.2425	0.160448	0.228236	0.049694	200	74.9673	1.524496	0.178542	0.9812653	125.0327	-0.05807924	-0.2650444	0.0026231	0.0136292
hl	0.05	0.05	0.05	0.033898	4.776923	10.57942	17.68462	11.23077	17	-5.802493	-12.22308	-6.420584	-12.90769	0.651354	NA	NA	NA	NA	NA	NA	NA	NA	NA	NA	0.121632	0.07625	0.045625	0.12	0.598361	0.0406831	0.0433766	61	62.0256	-0.06410735	0.0026935	-0.01667334	1.0256	-0.3953772	-0.4737597	0.0183128	0.0229202
hl	0	0	-0.0125	0.016807	6.038462	10.10922	10.47436	8.25641	13	-4.070758	-6.961538	-2.890781	-4.435897	-1.852809	NA	NA	NA	NA	NA	NA	NA	NA	NA	NA	0.071458	0.05125	0.035625	0.07	0.695122	NA	NA	NA	NA	NA	NA	NA	NA	-0.818849	-0.7380072	0.0327195	0.0285817
hl	0	0	-0.0625	0.024348	8.511538	12.2251	13.18077	10.84615	14	-3.713564	-5.488462	-1.774897	-4.669231	-1.378949	NA	NA	NA	NA	NA	NA	NA	NA	NA	NA	0.158234	0.0675	0.045	0.105	0.666667	NA	NA	NA	NA	NA	NA	NA	NA	-0.4937859	-0.1638256	0.0197765	0.0055268
hl	0.825	0.175	-0.0125	0.037	8.574359	12.2251	11.8359	10.20513	13	-3.650744	-4.425641	-0.774897	-3.261538	-2.019974	5.840909	8.870283	10.15909	8	12	-3.029374	-6.159091	-3.129717	-4.318182	-0.870283	0.148495	0.07375	0.043125	0.1175	0.584746	0.0418425	0.0285689	61.9782	39.0714	0.3815939	0.0132736	0.461392	22.9068	-0.4356594	-0.2073769	0.0160605	0.0068278
hl	0.875	0.125	-0.125	0.086957	7.712821	12.4602	13.72308	10.71795	19	-4.74738	-11.28718	-6.539799	-6.010256	-1.742252	4.887395	9.470134	13.99496	9.441176	15	-4.582739	-10.11261	-5.529866	-9.107563	-0.028957	0.204505	0.1625	0.021875	0.21875	0.134615	0.0434798	0.0567198	65.3824	73.85	-0.2658269	0.01324	-0.1217829	8.4676	-0.3865161	-0.06590376	0.0160041	0.0022542
hl	0	0	-0.0125	0.016807	7.762821	12.6953	13.72436	10.74359	20	-4.932478	-12.23718	-7.304701	-5.961538	-1.951709	NA	NA	NA	NA	NA	NA	NA	NA	NA	NA	0.200617	0.145	0.0225	0.1975	0.155172	NA	NA	NA	NA	NA	NA	NA	NA	-0.2106611	0.03729596	0.0097231	0.0014981
hl	0.025	0.025	0.025	0.016807	7.382051	12.6953	12.31026	9.846154	22	-5.313248	-14.61795	-9.304701	-4.928205	-2.849145	NA	NA	NA	NA	NA	NA	NA	NA	NA	NA	0.190548	0.145	0.0225	0.1975	0.155172	NA	NA	NA	NA	NA	NA	NA	NA	-0.2097984	0.05279472	0.009807	0.0021607
hl	0	0	-0.0125	0.016807	7.514103	13.40059	15.20385	11.35897	25	-5.886491	-17.4859	-11.59941	-7.689744	-2.041619	NA	NA	NA	NA	NA	NA	NA	NA	NA	NA	0.192211	0.07	0.03	0.1	0.428571	NA	NA	NA	NA	NA	NA	NA	NA	-0.1503555	0.08817328	0.0073836	0.0038408
hl	0.075	0.075	-0.05	0.074766	5.915385	12.4602	12.03333	8.974359	27	-6.544816	-21.08461	-14.5398	-6.117949	-3.485842	3.333333	3.333333	1.666667	2.5	5	0	-1.666667	-1.666667	1.666667	-0.833333	0.164945	0.06875	0.02875	0.08875	0.418182	0.0165668	0.0426398	28.6667	69.5083	-0.9453874	0.026073	-0.88571	40.8416	-0.4549555	-0.03223205	0.0211336	0.0011946
hl	0	0	-0.0125	0.016807	7.160256	11.04961	14.22436	10.69231	15	-3.889356	-7.839744	-3.950388	-7.064103	-0.357304	NA	NA	NA	NA	NA	NA	NA	NA	NA	NA	0.14936	0.15	0.0275	0.2025	0.183333	NA	NA	NA	NA	NA	NA	NA	NA	-0.1753201	0.1011984	0.006616	0.0033209
hl	0.025	0.025	0.025	0.016807	8.969231	12.4602	11.2359	10.10256	17	-3.49097	-8.030769	-4.539799	-2.266667	-2.357637	NA	NA	NA	NA	NA	NA	NA	NA	NA	NA	0.111245	0.08375	0.033125	0.1175	0.395522	NA	NA	NA	NA	NA	NA	NA	NA	-0.04240873	-0.2385789	0.0013579	0.0082404
hl	0	0	-0.0125	0.016807	9.35	14.57608	13.26539	11.30769	24	-5.226084	-14.65	-9.423916	-3.915385	-3.268392	NA	NA	NA	NA	NA	NA	NA	NA	NA	NA	0.126253	0.07875	0.028125	0.1125	0.357143	NA	NA	NA	NA	NA	NA	NA	NA	-0.5135443	-0.7297885	0.0141618	0.022886
hl	0.05	0.05	0.05	0.033898	9.3	14.34099	13.2641	11.28205	23	-5.040986	-13.7	-8.659014	-3.964103	-3.058934	NA	NA	NA	NA	NA	NA	NA	NA	NA	NA	0.128346	0.07875	0.028125	0.1125	0.357143	0.0172677	0.0230125	41	41.9047	-0.2871998	0.0057448	-0.02182593	0.9047	-0.5211469	-0.8080696	0.0143216	0.0263962
hl	0.15	0.15	0.075	0.013889	11.78846	16.69197	24.46795	18.12821	24	-4.903505	-12.21154	-7.308033	-12.67949	1.436238	11.4	13.13869	24.2	17.8	13	-1.738686	-1.6	0.138686	-12.8	4.661314	0.181918	0.05375	0.03125	0.07625	0.581395	0.0472082	0.0290905	80.1333	51.9278	0.4841559	0.0181177	0.4338372	28.2055	-0.467274	-0.7299655	0.012537	0.0227889
