sclass	DAF_1	MAF_1	DDAF_1	FST_1	ThetaPi_1	ThetaS_1	ThetaH_1	ThetaL_1	ThetaXi_1	TajD_1	FuLiF_1	FuLiD_1	FayWuH_1	ZengE_1	Theta1Pi_1	Theta1S_1	Theta1H_1	Theta1L_1	Theta1Xi_1	TajD1_1	FuLiF1_1	FuLiD1_1	FayWuH1_1	ZengE1_1	ZA_1	H1_1	H2_1	H12_1	H2.H1_1	iHH1_1	iHH0_1	SL1_1	SL0_1	iHS_1	DiHH_1	nSL_1	DnSL_1	XPEHH_12	XPEHH_13	DXPEHH_12	DXPEHH_13
ss	0.7	0.3	0.7	0.608696	12.44872	16.45687	11.24359	11.84615	30	-4.008151	-17.55128	-13.54313	1.205128	-4.610715	9.15873	11.30682	10.54497	9.851852	19	-2.14809	-9.84127	-7.69318	-1.386243	-1.454968	0.098445	0.08625	0.035625	0.13125	0.413043	0.0325991	0.0360539	60.5489	40.8712	-0.1007304	0.0034548	0.3930256	19.6777	0.02344311	-0.0617179	0.00022866	0.0006799
ss	0.025	0.025	0.025	0.016807	14.91282	14.34099	16.26667	15.58974	13	0.571835	1.912821	1.340986	-1.353846	1.248758	NA	NA	NA	NA	NA	NA	NA	NA	NA	NA	0.144791	0.06625	0.050625	0.09125	0.764151	NA	NA	NA	NA	NA	NA	NA	NA	-0.148575	-0.1712011	0.00123519	0.00166847
ss	1	0	0	NA	12.00256	15.28138	10.35641	11.17949	20	-3.278814	-7.997436	-4.718622	1.646154	-4.101891	12.00256	15.28138	10.35641	11.17949	20	-3.278814	-7.997436	-4.718622	1.646154	-4.101891	0.150547	0.045	0.035	0.06	0.777778	NA	NA	NA	NA	NA	NA	NA	NA	-0.450839	-0.2777032	0.0063742	0.0035034
ss	1	0	0	NA	14.65769	17.63236	15.03462	14.84615	24	-2.974667	-9.342308	-6.367641	-0.376923	-2.786206	14.65769	17.63236	15.03462	14.84615	24	-2.974667	-9.342308	-6.367641	-0.376923	-2.786206	0.154226	0.0425	0.0325	0.0575	0.764706	NA	NA	NA	NA	NA	NA	NA	NA	-0.2029794	0.0133308	0.0025731	0.0001498
ss	0.825	0.175	0.825	0.758621	8.016667	13.63569	19.2141	13.61538	21	-5.619025	-12.98333	-7.364309	-11.19744	-0.020307	6.458333	8.377489	3.041667	4.75	14	-1.919156	-7.541667	-5.622511	3.416667	-3.627489	0.093417	0.07375	0.03375	0.11375	0.457627	0.0239814	0.00454734	46.8248	19.9524	1.662736	0.01943406	0.8530635	26.8724	-0.08608482	-0.2724642	0.00083593	0.00287759
ss	0.725	0.275	0.725	0.637363	17.57436	18.80785	20.37436	18.97436	27	-1.233491	-9.425641	-8.19215	-2.8	0.166509	10.08867	15.27817	29.05419	19.57143	22	-5.189503	-11.91133	-6.721827	-18.96552	4.293255	0.239596	0.0825	0.031875	0.1275	0.386364	0.0326008	0.0130694	73.2968	33.4	0.9140632	0.0195314	0.7859611	39.8968	0.3750705	0.2774661	0.00427204	0.0032123
ss	0	0	0	NA	8.580769	9.168827	7.470513	8.025641	10	-0.588058	-1.419231	-0.831173	1.110256	-1.143186	NA	NA	NA	NA	NA	NA	NA	NA	NA	NA	0.104499	0.065	0.049375	0.09	0.759615	NA	NA	NA	NA	NA	NA	NA	NA	-0.1660542	-0.3460575	0.0016921	0.00394837
ss	1	0	0.9375	0.837333	9.523077	15.28138	15.4	12.46154	18	-5.758301	-8.476923	-2.718622	-5.876923	-2.81984	9.523077	15.28138	15.4	12.46154	18	-5.758301	-8.476923	-2.718622	-5.876923	-2.81984	0.084904	0.06	0.044375	0.085	0.739583	NA	NA	NA	NA	NA	NA	NA	NA	-0.03897117	-0.3284733	0.0004919	0.0049567
ss	1	0	1	1	11.21538	12.4602	15.45128	13.33333	16	-1.244816	-4.784615	-3.539799	-4.235897	0.873133	11.21538	12.4602	15.45128	13.33333	16	-1.244816	-4.784615	-3.539799	-4.235897	0.873133	0.274627	0.10625	0.06625	0.18625	0.623529	NA	NA	NA	NA	NA	NA	NA	NA	-0.1910902	0.2250018	0.0031408	0.0026725
ss	1	0	0	NA	9.007692	9.639023	7.915385	8.461538	14	-0.631331	-4.992308	-4.360977	1.092308	-1.177485	9.007692	9.639023	7.915385	8.461538	14	-0.631331	-4.992308	-4.360977	1.092308	-1.177485	0.303695	0.08125	0.05875	0.11875	0.723077	NA	NA	NA	NA	NA	NA	NA	NA	-0.00489217	-0.01471859	6.68e-05	0.0002079
ss	0.85	0.15	0.75	0.551282	16.8141	17.39726	10.21154	13.51282	25	-0.583159	-8.185897	-7.602739	6.602564	-3.884441	16.32264	16.14166	8.707665	12.51515	23	0.180976	-6.677362	-6.858338	7.614973	-3.626511	0.051039	0.05625	0.03375	0.07875	0.6	0.00635411	0.0280317	23.4109	43.7667	-1.484234	0.02167759	-0.6256715	20.3558	-0.7854488	-1.045142	0.00574434	0.00876094
ss	1	0	0	NA	10.16026	15.04628	9.480769	9.820513	22	-4.886024	-11.83974	-6.95372	0.679487	-5.225767	10.16026	15.04628	9.480769	9.820513	22	-4.886024	-11.83974	-6.95372	0.679487	-5.225767	0.1607	0.05	0.04	0.065	0.8	NA	NA	NA	NA	NA	NA	NA	NA	-0.3976106	-0.5269377	0.0048907	0.0070345
ss	0.125	0.125	0.125	0.086957	14.41667	17.39726	10.04487	12.23077	26	-2.980595	-11.58333	-8.602739	4.371795	-5.166492	9.8	11.52	21.2	15.5	11	-1.72	-1.2	0.52	-11.4	3.98	0.105829	0.055	0.0325	0.0775	0.590909	0.0240114	0.00853455	63.25	27.1513	1.034406	0.01547685	0.8456702	36.0987	-0.7839321	-0.48808	0.00776427	0.00326683
ss	1	0	0	NA	11.60641	21.15883	8.547436	10.07692	52	-9.552421	-40.39359	-30.84117	3.058974	-11.08191	11.60641	21.15883	8.547436	10.07692	52	-9.552421	-40.39359	-30.84117	3.058974	-11.08191	0.034029	0.0325	0.026875	0.04	0.826923	NA	NA	NA	NA	NA	NA	NA	NA	-0.2218621	-0.2063981	0.00188491	0.0017071
ss	0.125	0.125	0.125	0.086957	16.12564	18.57275	14.43846	15.28205	19	-2.447111	-2.874359	-0.427248	1.687179	-3.290701	13	13.44	21	17	11	-0.44	2	2.44	-8	3.56	0.155331	0.03375	0.028125	0.04125	0.833333	NA	NA	98.55	23.7	NA	NA	1.425089	74.85	-0.1803516	-0.5167634	0.00135376	0.0047557
ss	0.95	0.05	-0.05	0.033898	14.7782	17.63236	9.273077	12.02564	27	-2.854154	-12.2218	-9.367641	5.505128	-5.606718	14.67283	16.66037	7.543385	11.10811	25	-1.987544	-10.32717	-8.339625	7.129445	-5.552266	0.087489	0.0325	0.03	0.0375	0.923077	0.00578017	0.0154722	24.8947	50	-0.9846118	0.00969203	-0.6973681	25.1053	-0.8501906	-0.9187292	0.00768089	0.00858089
ss	1	0	0	NA	12.60385	14.57608	16.06282	14.33333	21	-1.972238	-8.396154	-6.423916	-3.458974	-0.242751	12.60385	14.57608	16.06282	14.33333	21	-1.972238	-8.396154	-6.423916	-3.458974	-0.242751	0.115472	0.04125	0.035625	0.0525	0.863636	NA	NA	NA	NA	NA	NA	NA	NA	-0.4065839	-0.8731764	0.0074392	0.0220771
ss	0.275	0.275	0.15	0.046176	14.5641	16.69197	13.33333	13.94872	22	-2.127864	-7.435897	-5.308033	1.230769	-2.743249	12.32727	9.901097	8.872727	10.6	2	2.426175	10.32727	7.901097	3.454545	0.698903	0.12462	0.05375	0.038125	0.0725	0.709302	0.0167005	0.00964093	36.5	29.1515	0.5494211	0.00705957	0.2248059	7.3485	-1.515411	-1.347007	0.02238333	0.01793733
ss	1	0	0	NA	11.70513	12.6953	22.44872	17.07692	12	-0.990171	-0.294872	0.695299	-10.74359	4.381624	11.70513	12.6953	22.44872	17.07692	12	-0.990171	-0.294872	0.695299	-10.74359	4.381624	0.153116	0.04125	0.035625	0.0525	0.863636	NA	NA	NA	NA	NA	NA	NA	NA	-0.6505075	-0.6557572	0.0099076	0.0099983
ss	0.275	0.275	0.275	0.201835	15.6641	18.10256	10.9	13.28205	27	-2.438453	-11.3359	-8.897444	4.764103	-4.820504	13.05454	11.26677	13.54546	13.3	9	1.787779	4.054545	2.266766	-0.490909	2.033234	0.132223	0.04	0.034375	0.05125	0.859375	0.0243808	0.0101013	38.9727	23.3054	0.8811318	0.0142795	0.5141763	15.6673	-0.8929479	-0.7822774	0.00964692	0.00791121
ss	0.975	0.025	0.9625	0.926875	17.46539	17.86746	13.35513	15.41026	18	-0.402073	-0.534615	-0.132542	4.110256	-2.457201	17.47098	17.73929	11.47638	14.47368	19	-0.26831	-1.529015	-1.260705	5.994602	-3.265611	0.148892	0.05	0.04	0.07	0.8	NA	NA	NA	NA	NA	NA	NA	NA	-0.4876833	-0.2343853	0.0039405	0.00156313
ss	0.275	0.275	0.0375	0.002222	18.60513	20.45354	13.39487	16	16	-1.848409	2.605128	4.453537	5.210256	-4.453537	11.16364	12.63243	10.43636	10.8	12	-1.468798	-0.836364	0.632435	0.727273	-1.832435	0.140323	0.0325	0.03	0.0375	0.923077	0.0152867	0.00881415	41.0182	26.1342	0.5506248	0.00647255	0.4507711	14.884	-0.4648508	-0.1316603	0.00335277	0.00076726
ss	0.95	0.05	0.95	0.926829	5.032051	5.877453	4.865385	4.948718	5	-0.845402	0.032051	0.877453	0.166667	-0.928735	4.789474	5.236118	2.940256	3.864865	5	-0.446644	-0.210526	0.236118	1.849218	-1.371253	0.241213	0.1025	0.08	0.1475	0.780488	NA	NA	51.8208	163.5	NA	NA	-1.149021	111.6792	0.4223419	0.309466	0.0104653	0.0081942
ss	0.05	0.05	-0.425	0.180625	10.75769	14.10589	12.78077	11.76923	19	-3.348195	-8.242308	-4.894112	-2.023077	-2.336657	NA	NA	NA	NA	NA	NA	NA	NA	NA	NA	0.100261	0.03875	0.02875	0.04875	0.741935	0.00084819	0.0105895	2	21.9616	-2.524514	0.00974131	-2.396148	19.9616	-0.2850065	-0.5770093	0.0033354	0.0081319
ss	0.925	0.075	-0.075	0.051282	19.29103	24.9204	23.2218	21.25641	30	-5.629376	-10.70897	-5.079599	-3.930769	-3.663991	19.18919	23.71508	21.42192	20.30556	26	-4.52589	-6.810811	-2.284921	-2.232733	-3.409523	0.140596	0.03375	0.028125	0.04125	0.833333	0.00967991	0.0175189	29.5563	48	-0.5932277	0.00783899	-0.4849041	18.4437	-0.2605658	-0.2081107	0.00240395	0.00187779
ss	0.75	0.25	0.725	0.599432	5.497436	8.228434	3.015385	4.25641	13	-2.730999	-7.502564	-4.771566	2.482051	-3.972024	5.144828	7.572595	2.303448	3.724138	14	-2.427767	-8.855172	-6.427405	2.841379	-3.848457	0.034687	0.0475	0.0375	0.0675	0.789474	0.0271309	0.0469909	36.8839	50.1667	-0.5492807	0.01986	-0.3075763	13.2828	-0.3610975	-0.3667819	0.0070764	0.0070487
ss	0.95	0.05	0.95	0.926829	15.44103	15.98667	10.91795	13.17949	12	-0.545647	3.441026	3.986673	4.523077	-2.807185	14.95733	15.47035	9.312945	12.13514	17	-0.513022	-2.042674	-1.529652	5.644381	-3.335213	0.091287	0.0675	0.045	0.0975	0.666667	0.0110996	0.107472	31.9431	136.5	-2.270321	0.0963724	-1.452368	104.5569	-0.2728569	-0.2574417	0.00242545	0.00212373
ss	0.125	0.125	0.125	0.086957	13.34615	21.15883	18.34615	15.84615	36	-7.812678	-22.65385	-14.84117	-5	-5.312678	17.6	15.36	16.9	17.25	6	2.24	11.6	9.36	0.7	1.89	0.10127	0.04125	0.035625	0.0525	0.863636	0.0404974	0.00987501	52.95	38.3084	1.41123	0.03062239	0.3236789	14.6416	-0.9023697	-0.7809232	0.01141751	0.00929028
ss	1	0	0	NA	10.5359	13.63569	5.566667	8.051282	24	-3.099794	-13.4641	-10.36431	4.969231	-5.584409	10.5359	13.63569	5.566667	8.051282	24	-3.099794	-13.4641	-10.36431	4.969231	-5.584409	0.087202	0.05125	0.035625	0.07	0.695122	NA	NA	NA	NA	NA	NA	NA	NA	-0.3811737	-0.6782489	0.00428992	0.00912293
ss	0	0	0	NA	6.048718	9.168827	4.412821	5.230769	18	-3.120109	-11.95128	-8.831173	1.635897	-3.938058	NA	NA	NA	NA	NA	NA	NA	NA	NA	NA	0.106299	0.04875	0.03875	0.06875	0.794872	NA	NA	NA	NA	NA	NA	NA	NA	-0.166319	-0.3777678	0.0049385	0.0129784
ss	0.925	0.075	0.9125	0.855584	10.5	12.6953	10.73077	10.61538	26	-2.195299	-15.5	-13.3047	-0.230769	-2.079914	10.02402	10.30049	8.975976	9.5	16	-0.276465	-5.975976	-5.699511	1.048048	-0.800489	0.101797	0.06125	0.045625	0.0925	0.744898	0.011783	0.00975311	28.78	22.6667	0.1890716	0.00202989	0.2387838	6.1133	-0.2094186	-0.5118763	0.0017377	0.00572877
ss	0.025	0.025	-0.0375	0.026316	13.0641	18.10256	13.29487	13.17949	37	-5.038453	-23.9359	-18.89744	-0.230769	-4.923069	NA	NA	NA	NA	NA	NA	NA	NA	NA	NA	0.141743	0.04875	0.03875	0.06875	0.794872	NA	NA	NA	NA	NA	NA	NA	NA	-0.2066771	-0.1151134	0.0029018	0.0014989
ss	1	0	0	NA	11.00513	11.28471	7.353846	9.179487	11	-0.279582	0.005128	0.28471	3.651282	-2.105223	11.00513	11.28471	7.353846	9.179487	11	-0.279582	0.005128	0.28471	3.651282	-2.105223	0.119155	0.0675	0.036875	0.09375	0.546296	NA	NA	NA	NA	NA	NA	NA	NA	-0.1409582	-0.5390348	0.0018695	0.0093365
ss	0.95	0.05	0.9375	0.890788	20.49231	19.74824	16.84103	18.66667	19	0.744065	1.492308	0.748243	3.651282	-1.081576	20.70128	19.27843	14.70412	17.7027	17	1.422847	3.70128	2.278433	5.997155	-1.575731	0.162175	0.055	0.039375	0.08	0.715909	0.00679353	0.0101289	28.6999	35	-0.399422	0.00333537	-0.1984544	6.3001	-0.2903914	-0.03452081	0.00198532	0.00018785
ss	0.85	0.15	0.825	0.720238	16.18974	14.81118	19.29744	17.74359	15	1.378562	1.189744	-0.188818	-3.107692	2.932408	14.21212	13.94053	20.39394	17.30303	12	0.271595	2.212121	1.940526	-6.181818	3.362504	0.254864	0.08125	0.030625	0.115	0.376923	0.0154192	0.0705519	59.3324	58	-1.520735	0.0551327	0.02271252	1.3324	0.4409541	0.3842259	0.00293369	0.00281982
ss	0.9	0.1	0.875	0.78819	23.34359	25.3906	14.91282	19.12821	29	-2.047008	-5.65641	-3.609402	8.430769	-6.262393	22.46191	22.66818	14.05238	18.25714	27	-0.206278	-4.538095	-4.331817	8.409524	-4.41104	0.151221	0.0575	0.035	0.0875	0.608696	0.0084024	0.035226	32.9095	39.1667	-1.433267	0.0268236	-0.1740655	6.2572	-0.0378254	-0.2072088	0.00018646	0.00112198
ss	0.875	0.125	0.8625	0.787698	12.38462	13.16549	9.871795	11.1282	18	-0.78088	-5.615385	-4.834505	2.512821	-2.03729	11.77143	12.38402	8.993277	10.38235	16	-0.612593	-4.228571	-3.615979	2.778151	-2.001668	0.130186	0.0525	0.03	0.0675	0.571429	0.0121519	0.0817005	23.4445	58.4	-1.905575	0.0695486	-0.91268	34.9555	-0.5610037	-0.7262903	0.00654063	0.00974227
ss	1	0	0.025	0.033898	4.160256	8.228434	1.839744	3	21	-4.068178	-16.83974	-12.77157	2.320513	-5.228434	4.160256	8.228434	1.839744	3	21	-4.068178	-16.83974	-12.77157	2.320513	-5.228434	0.037109	0.11125	0.035625	0.18	0.320225	NA	NA	NA	NA	NA	NA	NA	NA	0.4400746	0.2621002	0.0098345	0.006409
ss	1	0	1	1	9.615385	8.698631	5.153846	7.384615	5	0.916754	4.615385	3.698631	4.461538	-1.314015	9.615385	8.698631	5.153846	7.384615	5	0.916754	4.615385	3.698631	4.461538	-1.314015	0.180849	0.09375	0.043125	0.15	0.46	NA	NA	NA	NA	NA	NA	NA	NA	0.300282	0.4431525	0.00262908	0.003951
ss	1	0	0	NA	15.67692	17.16216	9.451282	12.5641	19	-1.48524	-3.323077	-1.837837	6.225641	-4.598061	15.67692	17.16216	9.451282	12.5641	19	-1.48524	-3.323077	-1.837837	6.225641	-4.598061	0.18671	0.04375	0.03375	0.05875	0.771429	NA	NA	NA	NA	NA	NA	NA	NA	-0.6543633	-0.8405608	0.00853402	0.01237659
ss	0.625	0.375	0.2	0.042234	22.07051	20.45354	17.67308	19.87179	31	1.616976	-8.929487	-10.54646	4.397436	-0.581742	18.31333	15.36034	16.27	17.29167	16	2.952994	2.313333	-0.63966	2.043333	1.931327	0.222639	0.07125	0.03125	0.10125	0.438596	0.0140056	0.0423726	43.1483	69.1143	-1.107045	0.028367	-0.4711186	25.966	0.2019324	-0.1318657	0.0011269	0.00098573
ss	1	0	0	NA	12.07308	14.57608	10.54231	11.30769	22	-2.503007	-9.926923	-7.423916	1.530769	-3.268392	12.07308	14.57608	10.54231	11.30769	22	-2.503007	-9.926923	-7.423916	1.530769	-3.268392	0.157746	0.035	0.029375	0.0425	0.839286	NA	NA	NA	NA	NA	NA	NA	NA	-0.578962	-0.7486461	0.0100204	0.0144558
ss	0.8	0.2	0.8	0.727273	23.2718	17.86746	21.44615	22.35897	18	5.404337	5.271795	-0.132542	1.825641	4.491517	22.20766	14.1536	20.17944	21.19355	4	8.054066	18.20766	10.1536	2.028226	7.039953	0.284147	0.105	0.054375	0.16125	0.517857	0.0634571	0.00862799	51.8528	22.3036	1.995353	0.05482911	0.8436608	29.5492	-0.5362178	-0.3991514	0.0097783	0.0052196
ss	0.875	0.125	0.875	0.823529	17.56538	15.04628	16.74231	17.15385	17	2.519105	0.565385	-1.95372	0.823077	2.107566	15.26723	14.56944	17.14454	16.20588	15	0.69779	0.267227	-0.430563	-1.877311	1.636446	0.229396	0.07	0.0475	0.1075	0.678571	NA	NA	40.2286	73.3	NA	NA	-0.5999824	33.0714	-0.3565368	-0.331355	0.0045896	0.00392004
ss	0.075	0.075	0.075	0.051282	13.76667	21.86413	11.66923	12.71795	43	-8.097459	-29.23333	-21.13587	2.097436	-9.146177	18.66667	18.66667	14.33333	16.5	23	0	-4.333333	-4.333333	4.333333	-2.166667	0.063736	0.03625	0.030625	0.04375	0.844828	0.00389754	0.00849191	10	28.2868	-0.7787684	0.00459437	-1.03981	18.2868	-0.3759072	-0.8779482	0.00323464	0.01133908
ss	0.1	0.1	-0.1375	0.02779	8.960256	14.10589	3.398718	6.179487	23	-5.145631	-14.03974	-8.894112	5.561538	-7.9264	1.333333	1.090909	1.333333	1.333333	0	0.242424	1.333333	1.090909	0	0.242424	0.13205	0.06	0.029375	0.08625	0.489583	NA	NA	115.583	25.6262	NA	NA	1.506374	89.9568	-0.2507969	-0.03778166	0.00158796	0.00018597
ss	1	0	0	NA	7.44359	11.99	2.607692	5.025641	27	-4.546415	-19.55641	-15.01	4.835897	-6.964363	7.44359	11.99	2.607692	5.025641	27	-4.546415	-19.55641	-15.01	4.835897	-6.964363	0.199141	0.05875	0.03625	0.08875	0.617021	NA	NA	NA	NA	NA	NA	NA	NA	-0.3299889	-0.3404042	0.0071879	0.0073683
ss	1	0	1	1	13.73846	15.75157	14.97949	14.35897	14	-2.013113	-0.261538	1.751574	-1.241026	-1.3926	13.73846	15.75157	14.97949	14.35897	14	-2.013113	-0.261538	1.751574	-1.241026	-1.3926	0.116143	0.06	0.044375	0.085	0.739583	NA	NA	NA	NA	NA	NA	NA	NA	-0.02674237	-0.1088185	0.0003839	0.0016952
ss	0.075	0.075	0.075	0.051282	14.48974	18.57275	7.766667	11.1282	25	-4.083008	-10.51026	-6.427248	6.723077	-7.444547	5.333333	5.333333	4.666667	5	6	0	-0.666667	-0.666667	0.666667	-0.333333	0.089001	0.04	0.034375	0.05125	0.859375	0.0768297	0.0075985	110.5	20.8303	2.31364	0.0692312	1.668607	89.6697	-0.3619572	-1.357901	0.00296652	0.02420525
ss	0.275	0.275	0.2625	0.171296	13.54359	19.51315	16.30256	14.92308	30	-5.969555	-16.45641	-10.48686	-2.758974	-4.590068	4.363636	4.438423	6.836364	5.6	3	-0.074787	1.363636	1.438423	-2.472727	1.161577	0.138331	0.05	0.04	0.07	0.8	0.0345834	0.0108638	74.3818	30.6108	1.157938	0.0237196	0.8878584	43.771	-0.5460181	-0.436099	0.00498107	0.00393209
ss	1	0	0	NA	10.86795	11.28471	9.491026	10.17949	16	-0.416761	-5.132051	-4.71529	1.376923	-1.105223	10.86795	11.28471	9.491026	10.17949	16	-0.416761	-5.132051	-4.71529	1.376923	-1.105223	0.184962	0.04875	0.033125	0.0675	0.679487	NA	NA	NA	NA	NA	NA	NA	NA	-0.4565094	-0.4718216	0.0063737	0.0066972
ss	0.875	0.125	0.8375	0.720796	10.9641	12.4602	15.29231	13.1282	10	-1.496098	0.964103	2.460201	-4.328205	0.668004	10.77983	11.65555	13.86723	12.32353	7	-0.875717	3.779832	4.655549	-3.087395	0.66798	0.244799	0.065	0.049375	0.09625	0.759615	0.0101037	0.0152236	30.8395	30.85	-0.4099452	0.0051199	-0.0003404145	0.0105	-0.08501135	-0.1596636	0.0005181	0.0010152
ss	1	0	0	NA	15.68077	15.98667	14.1141	14.89744	23	-0.305903	-7.319231	-7.013327	1.566667	-1.089237	15.68077	15.98667	14.1141	14.89744	23	-0.305903	-7.319231	-7.013327	1.566667	-1.089237	0.21115	0.04375	0.03375	0.05875	0.771429	NA	NA	NA	NA	NA	NA	NA	NA	-0.5250437	-0.6552245	0.0074485	0.0105833
ss	1	0	0.9375	0.837333	9.764103	14.81118	11.67179	10.71795	21	-5.047079	-11.2359	-6.188818	-1.907692	-4.093233	9.764103	14.81118	11.67179	10.71795	21	-5.047079	-11.2359	-6.188818	-1.907692	-4.093233	0.130144	0.0575	0.035	0.0875	0.608696	NA	NA	NA	NA	NA	NA	NA	NA	0.426025	0.1965737	0.0059544	0.0030569
ss	0.95	0.05	0.95	0.926829	8.947436	13.16549	6.898718	7.923077	22	-4.218059	-13.05256	-8.834505	2.048718	-5.242418	8.992888	13.09029	5.061166	7.027027	22	-4.097407	-13.00711	-8.909706	3.931721	-6.063267	0.060477	0.04875	0.03875	0.06875	0.794872	0.0100262	0.00821403	30.2703	21	0.199358	0.00181217	0.3656446	9.2703	-0.5137634	-0.4514862	0.00556277	0.00452499
ss	0.975	0.025	-0.025	0.016807	9.705128	13.87079	12.96154	11.33333	16	-4.165661	-6.294872	-2.129211	-3.25641	-2.537456	9.668016	13.00882	10.96356	10.31579	13	-3.3408	-3.331984	0.008816	-1.295547	-2.693027	0.123427	0.065	0.034375	0.09125	0.528846	NA	NA	NA	NA	NA	NA	NA	NA	0.01404483	0.2432068	0.0001911	0.0028604
ss	0.875	0.125	0.875	0.823529	9.469231	11.28471	6.223077	7.846154	8	-1.815479	1.469231	3.28471	3.246154	-3.438556	8.430252	8.984486	2.981513	5.705882	5	-0.554234	3.430252	3.984486	5.448739	-3.278604	0.170177	0.05375	0.04375	0.07375	0.813953	0.0117263	0.0325487	27.663	38.45	-1.020903	0.0208224	-0.3292629	10.787	-0.8991552	-0.8775372	0.01244889	0.01177356
ss	0.825	0.175	-0.1	0.027318	14.86282	19.27805	9.291026	12.07692	32	-4.415226	-17.13718	-12.72195	5.571795	-7.201123	13.35606	17.24777	7.518939	10.4375	28	-3.891711	-14.64394	-10.75223	5.837121	-6.810272	0.080811	0.0375	0.031875	0.04875	0.85	0.00920084	0.0377838	33.2292	93.2619	-1.412586	0.02858296	-1.031983	60.0327	-0.1680969	-0.489954	0.00117853	0.00420998
ss	0.05	0.05	-0.1375	0.042262	17.90769	19.74824	10.70769	14.30769	22	-1.84055	-4.092308	-2.251757	7.2	-5.44055	NA	NA	NA	NA	NA	NA	NA	NA	NA	NA	0.108056	0.04625	0.030625	0.065	0.662162	0.027288	0.00966159	78	28.202	1.038289	0.01762641	1.017316	49.798	-0.1462209	-0.2698102	0.0013087	0.00249548
ss	1	0	0	NA	9.371795	9.874121	5.602564	7.487179	11	-0.502326	-1.628205	-1.125879	3.769231	-2.386942	9.371795	9.874121	5.602564	7.487179	11	-0.502326	-1.628205	-1.125879	3.769231	-2.386942	0.158258	0.055	0.039375	0.07375	0.715909	NA	NA	NA	NA	NA	NA	NA	NA	-0.7683364	-0.5723994	0.0150992	0.0099031
ss	1	0	0	NA	24.10256	22.80452	21.12821	22.61538	26	1.298046	-1.897436	-3.195482	2.974359	-0.189134	24.10256	22.80452	21.12821	22.61538	26	1.298046	-1.897436	-3.195482	2.974359	-0.189134	0.181091	0.0375	0.031875	0.045	0.85	NA	NA	NA	NA	NA	NA	NA	NA	-0.6885609	-0.5382095	0.00757253	0.0053697
ss	0.05	0.05	0.05	0.033898	30.00897	29.62236	33.73461	31.87179	35	0.38661	-4.991026	-5.377636	-3.725641	2.249431	NA	NA	NA	NA	NA	NA	NA	NA	NA	NA	0.210616	0.0375	0.031875	0.04875	0.85	NA	NA	174.5	26.1607	NA	NA	1.897666	148.3393	-0.5468429	-0.6042786	0.00389989	0.00451072
ss	0.075	0.075	-0.175	0.086957	22.38846	21.86413	16.0218	19.20513	20	0.524336	2.388462	1.864126	6.366667	-2.658998	27.33333	27.33333	32.66667	30	22	0	5.333333	5.333333	-5.333333	2.666667	0.170104	0.04625	0.040625	0.0575	0.878378	0.0433431	0.00737348	69.3333	22.503	1.771258	0.03596962	1.125277	46.8303	-0.5225539	-0.3305463	0.00355576	0.00209461
ss	0.15	0.15	0.1375	0.078382	12.45385	16.45687	15.85385	14.15385	21	-4.003023	-8.546154	-4.543131	-3.4	-2.303023	3.333333	4.379562	7.066667	5.2	6	-1.046229	-2.666667	-1.620438	-3.733333	0.820438	0.142633	0.04375	0.03375	0.05875	0.771429	0.0510612	0.00784503	112.567	26.3592	1.873145	0.04321617	1.451731	86.2078	-0.8760379	-0.581638	0.00906244	0.00512066
ss	1	0	0	NA	12.57949	16.69197	11.93333	12.25641	31	-4.11248	-18.42051	-14.30803	0.646154	-4.435557	12.57949	16.69197	11.93333	12.25641	31	-4.11248	-18.42051	-14.30803	0.646154	-4.435557	0.100758	0.04875	0.033125	0.0675	0.679487	NA	NA	NA	NA	NA	NA	NA	NA	-0.1452427	-0.159409	0.001811	0.0019143
ss	0.65	0.35	0.6375	0.518519	17.40897	18.33765	13.20641	15.30769	24	-0.92868	-6.591026	-5.662346	4.202564	-3.029962	15.13846	15.46138	11.58154	13.36	27	-0.322924	-11.86154	-11.53862	3.556923	-2.101385	0.181236	0.05	0.04	0.065	0.8	0.009922	0.0178752	34.0785	36.6703	-0.5886598	0.0079532	-0.07330048	2.5918	-0.7152477	-0.7632588	0.00325214	0.00334212
ss	0.75	0.25	0.7	0.538304	13.18974	19.27805	7.938462	10.5641	33	-6.088303	-19.81026	-13.72195	5.251282	-8.713944	11.87816	17.41697	6.673563	9.275862	30	-5.538808	-18.12184	-12.58303	5.204598	-8.141107	0.084878	0.04125	0.03125	0.05625	0.757576	0.00945075	0.0548643	33.1414	70.4778	-1.758769	0.04541355	-0.7545145	37.3364	-0.5771469	-0.3027379	0.00430626	0.00184643
ss	0.95	0.05	0.9125	0.823094	7.953846	10.10922	16.45641	12.20513	8	-2.155373	-0.046154	2.109219	-8.502564	2.095909	8.02845	9.996225	14.67425	11.35135	8	-1.967775	0.02845	1.996225	-6.645804	1.355127	0.237082	0.055	0.039375	0.08	0.715909	0.013504	0.0312462	34.0982	78	-0.8389118	0.0177422	-0.8274642	43.9018	-0.5785	-0.435661	0.0096026	0.0059645
ss	1	0	0	NA	21.97436	24.21511	20.17949	21.07692	30	-2.240748	-8.025641	-5.784893	1.794872	-3.138184	21.97436	24.21511	20.17949	21.07692	30	-2.240748	-8.025641	-5.784893	1.794872	-3.138184	0.124301	0.03875	0.033125	0.05	0.854839	NA	NA	NA	NA	NA	NA	NA	NA	0.02485565	-0.09251529	0.0001152	0.00048312
ss	0.85	0.15	0.825	0.722222	8.479487	10.10922	4.546154	6.512821	18	-1.629732	-9.520513	-7.890781	3.933333	-3.596399	7.84492	8.070831	3.488414	5.666667	12	-0.225911	-4.15508	-3.929169	4.356506	-2.404164	0.140468	0.07	0.039375	0.09625	0.5625	NA	NA	30.0241	56.4	NA	NA	-0.6304688	26.3759	-0.2313697	-0.1806134	0.0036855	0.0024009
ss	0.625	0.375	0.6125	0.491817	19.1859	22.33432	20.45513	19.82051	26	-3.148425	-6.814103	-3.665678	-1.269231	-2.513809	10.58667	15.09551	19.58	15.08333	20	-4.50884	-9.413333	-4.904494	-8.993333	-0.012173	0.139479	0.04	0.03	0.05	0.75	0.0203778	0.0175136	55.6433	44.4667	0.1514684	0.0028642	0.2242211	11.1766	-0.4396701	-0.3453692	0.00413027	0.00319198
ss	0.975	0.025	0.975	0.962963	20.98333	17.86746	18.86282	19.92308	13	3.115876	7.983333	4.867458	2.120513	2.055619	21.09312	17.50277	16.90688	19	12	3.590347	9.093117	5.502771	4.186235	1.497229	0.204815	0.06375	0.04125	0.09375	0.647059	NA	NA	NA	NA	NA	NA	NA	NA	-0.5417695	-0.4966998	0.00652202	0.0067115
ss	1	0	0	NA	14.96538	17.86746	26.2141	20.58974	27	-2.902073	-12.03462	-9.132542	-11.24872	2.722286	14.96538	17.86746	26.2141	20.58974	27	-2.902073	-12.03462	-9.132542	-11.24872	2.722286	0.193025	0.0525	0.036875	0.0775	0.702381	NA	NA	NA	NA	NA	NA	NA	NA	-0.5543792	-0.3571428	0.0114411	0.0065672
ss	0.05	0.05	0.05	0.033898	11.38846	18.80785	18.20128	14.79487	27	-7.419389	-15.61154	-8.19215	-6.812821	-4.012978	NA	NA	NA	NA	NA	NA	NA	NA	NA	NA	0.044402	0.03625	0.030625	0.04375	0.844828	0.552036	0.0165393	200	36.6174	3.507874	0.5354967	1.697794	163.3826	0.04784198	-0.2027334	0.0006818	0.0033197
ss	0.85	0.15	-0.15	0.105263	13.25256	13.40059	12.13205	12.69231	24	-0.148029	-10.74744	-10.59941	1.120513	-0.708286	13.1943	11.98396	10.19964	11.69697	19	1.210335	-5.805704	-7.016039	2.994652	-0.286992	0.091741	0.045	0.035	0.06	0.777778	0.010353	0.0472477	30.2923	79.4667	-1.518128	0.0368947	-0.9644445	49.1744	-0.4780316	-0.5501419	0.00440816	0.00516128
ss	0	0	-0.3125	0.147368	13.72564	16.92706	12.94103	13.33333	26	-3.201424	-12.27436	-9.072935	0.784615	-3.593732	NA	NA	NA	NA	NA	NA	NA	NA	NA	NA	0.101344	0.05375	0.038125	0.0725	0.709302	NA	NA	NA	NA	NA	NA	NA	NA	-0.0686433	-0.1825704	0.00059525	0.00172264
ss	0.975	0.025	-0.025	0.016807	16.81923	18.33765	12.05256	14.4359	24	-1.518423	-7.180769	-5.662346	4.766667	-3.901756	16.87179	18.21234	10.1282	13.5	24	-1.340548	-7.128205	-5.787657	6.74359	-4.712343	0.100462	0.04625	0.03625	0.06125	0.783784	NA	NA	NA	NA	NA	NA	NA	NA	-1.403622	-1.370703	0.01888339	0.01794981
ss	1	0	0.9875	0.963878	9.25641	8.933729	9.923077	9.589744	10	0.322681	-0.74359	-1.066271	-0.666667	0.656015	9.25641	8.933729	9.923077	9.589744	10	0.322681	-0.74359	-1.066271	-0.666667	0.656015	0.314816	0.235	0.1125	0.4275	0.478723	NA	NA	NA	NA	NA	NA	NA	NA	0.4841721	0.6347739	0.0100893	0.0121132
ss	1	0	1	1	12.42821	12.4602	20.08461	16.25641	10	-0.031996	2.428205	2.460201	-7.65641	3.79621	12.42821	12.4602	20.08461	16.25641	10	-0.031996	2.428205	2.460201	-7.65641	3.79621	0.230382	0.12375	0.073125	0.2025	0.590909	NA	NA	NA	NA	NA	NA	NA	NA	-0.06489532	0.1800111	0.0011531	0.0028074
ss	0.375	0.375	0.05	0.032109	19.31282	23.74491	13.30256	16.30769	32	-4.43209	-12.68718	-8.255089	6.010256	-7.437218	17.48571	16.29986	11.94286	14.71429	9	1.185858	8.485714	7.299857	5.542857	-1.585571	0.116718	0.03625	0.030625	0.04375	0.844828	0.00788437	0.00615003	24.2952	27.1867	0.2484254	0.00173434	-0.1124491	2.8915	-0.3113991	-0.05551524	0.00097074	0.00014831
ss	0.725	0.275	0.7125	0.602222	14.24231	18.57275	19.03974	16.64103	15	-4.330444	-0.757692	3.572752	-4.797436	-1.931726	13.84236	14.7689	19.01478	16.42857	7	-0.926536	6.842365	7.768901	-5.172414	1.659671	0.139572	0.04125	0.035625	0.04875	0.863636	0.0157585	0.0382411	38.8054	39.6636	-0.886531	0.0224826	-0.02187448	0.8582	-0.7427861	-0.8116659	0.00813312	0.00929969
ss	0.975	0.025	-0.0125	0.008475	9.394872	8.933729	7.117949	8.25641	13	0.461143	-3.605128	-4.066271	2.276923	-0.677319	9.352227	8.514861	5.279352	7.315789	12	0.837365	-2.647773	-3.485139	4.072874	-1.199072	0.226886	0.1075	0.031875	0.14875	0.296512	NA	NA	NA	NA	NA	NA	NA	NA	-0.6838344	-0.767962	0.0128327	0.0149224
ss	0.975	0.025	-0.025	0.016807	14.70128	16.69197	11.29872	13	28	-1.990685	-13.29872	-11.30803	3.402564	-3.691967	14.43455	15.8471	9.460189	11.94737	26	-1.412555	-11.56545	-10.1529	4.974359	-3.899735	0.090366	0.0375	0.031875	0.045	0.85	NA	NA	NA	NA	NA	NA	NA	NA	-0.4997073	-0.4535679	0.0080825	0.0069991
ss	0.4	0.4	-0.025	0.000571	9.579487	10.81451	6.933333	8.25641	15	-1.235027	-5.420513	-4.185486	2.646154	-2.558104	9.225	7.232774	7.175	8.2	7	1.992226	2.225	0.232774	2.05	0.967226	0.117674	0.06625	0.04375	0.10375	0.660377	0.0154222	0.0194054	31.125	33.8478	-0.2297433	0.0039832	-0.08386265	2.7228	-0.3590901	-0.1335093	0.00309448	0.00105161
ss	1	0	0	NA	17.14103	25.6257	39.57692	28.35897	33	-8.48467	-15.85897	-7.374304	-22.4359	2.733279	17.14103	25.6257	39.57692	28.35897	33	-8.48467	-15.85897	-7.374304	-22.4359	2.733279	0.190181	0.03875	0.033125	0.05	0.854839	NA	NA	NA	NA	NA	NA	NA	NA	-0.03643914	-0.3500009	0.00032441	0.00374412
ss	0.825	0.175	0.8125	0.722982	13.72949	17.39726	12.16795	12.94872	33	-3.667774	-19.27051	-15.60274	1.561538	-4.448543	13.00758	13.30542	11.42992	12.21875	19	-0.297848	-5.992424	-5.694576	1.577652	-1.086674	0.082153	0.04875	0.03875	0.06375	0.794872	0.00877353	0.013237	25.8873	34.881	-0.4112767	0.00446347	-0.2981898	8.9937	-0.1704733	-0.4541645	0.0008317	0.00312087
ss	1	0	0	NA	18.03718	19.51315	19.14231	18.58974	27	-1.475965	-8.962821	-7.486855	-1.105128	-0.923401	18.03718	19.51315	19.14231	18.58974	27	-1.475965	-8.962821	-7.486855	-1.105128	-0.923401	0.201589	0.04	0.034375	0.05125	0.859375	NA	NA	NA	NA	NA	NA	NA	NA	-0.319751	-0.5338786	0.0039264	0.0075289
ss	0.9	0.1	-0.1	0.068966	22.34872	20.45354	30.06154	26.20513	21	1.895181	1.348718	-0.546463	-7.712821	5.751591	23.09524	19.29207	27.19048	25.14286	19	3.803167	4.095238	0.292071	-4.095238	5.850787	0.322513	0.04875	0.03875	0.06375	0.794872	0.00769248	0.0461398	31.5214	134.5	-1.791433	0.03844732	-1.450898	102.9786	-0.7553748	-0.7020119	0.00771025	0.00683444
ss	1	0	0	NA	16.68718	15.51648	13.56923	15.1282	13	1.170703	3.687179	2.516476	3.117949	-0.388271	16.68718	15.51648	13.56923	15.1282	13	1.170703	3.687179	2.516476	3.117949	-0.388271	0.171955	0.05375	0.038125	0.0725	0.709302	NA	NA	NA	NA	NA	NA	NA	NA	-0.5849568	-1.122549	0.0085264	0.0241098
ss	0.05	0.05	-0.3375	0.140021	13.36795	15.28138	14.37564	13.8718	21	-1.91343	-7.632051	-5.718622	-1.007692	-1.409583	NA	NA	NA	NA	NA	NA	NA	NA	NA	NA	0.174648	0.06125	0.045625	0.08625	0.744898	0.0074014	0.0139989	11	29.0597	-0.6373096	0.0065975	-0.9714571	18.0597	-0.1420119	0.05619053	0.0018367	0.0006197
ss	1	0	0	NA	16.81282	26.33099	7.905128	12.35897	45	-9.51817	-28.18718	-18.66901	8.907692	-13.97202	16.81282	26.33099	7.905128	12.35897	45	-9.51817	-28.18718	-18.66901	8.907692	-13.97202	0.11235	0.03625	0.03375	0.04125	0.931034	NA	NA	NA	NA	NA	NA	NA	NA	-0.02483451	-0.1808859	0.00018013	0.0014696
ss	0.575	0.425	0.05	0.002238	18.6359	18.10256	21.3641	20	14	0.533342	4.635897	4.102556	-2.728205	1.897444	19.70751	18.15318	20.83795	20.27273	16	1.554329	3.70751	2.153181	-1.130435	2.119547	0.205592	0.05125	0.035625	0.07	0.695122	0.0158357	0.0288956	33.3656	46.7353	-0.6014225	0.0130599	-0.3369743	13.3697	-0.1789072	-0.2111815	0.00147494	0.00164743
ss	0.925	0.075	0.925	0.891566	18.08846	19.51315	17.65513	17.87179	16	-1.424683	2.088462	3.513145	0.433333	-1.64135	17.38438	17.00778	14.89339	16.13889	12	0.376601	5.384384	5.007784	2.490991	-0.868895	0.195888	0.04875	0.03875	0.06375	0.794872	0.00800891	0.0127952	24.5781	42.6667	-0.4685154	0.00478629	-0.551563	18.0886	-0.6718514	-0.6936142	0.00437592	0.00454212
ss	0.975	0.025	0.975	0.962963	8.457692	10.57942	8.516667	8.487179	16	-2.121723	-7.542308	-5.420584	-0.058974	-2.092236	8.458839	9.934005	6.488529	7.473684	14	-1.475166	-5.541161	-4.065995	1.97031	-2.460321	0.154191	0.04625	0.03625	0.06125	0.783784	NA	NA	NA	NA	NA	NA	NA	NA	0.1630975	0.3343495	0.0023415	0.0043947
ss	0.975	0.025	0.975	0.962963	12.58718	16.22177	14.59231	13.58974	19	-3.634591	-6.412821	-2.778229	-2.005128	-2.632027	12.2888	15.61058	12.76383	12.52632	17	-3.32178	-4.711201	-1.389421	-0.475034	-3.084264	0.266686	0.13625	0.060625	0.2325	0.444954	NA	NA	NA	NA	NA	NA	NA	NA	-0.1453706	0.07427752	0.0020198	0.0008445
ss	1	0	0.1375	0.061718	12.72051	15.75157	11.79231	12.25641	26	-3.031062	-13.27949	-10.24843	0.928205	-3.495164	12.72051	15.75157	11.79231	12.25641	26	-3.031062	-13.27949	-10.24843	0.928205	-3.495164	0.131023	0.04125	0.035625	0.0525	0.863636	NA	NA	NA	NA	NA	NA	NA	NA	0.1414538	-0.3161367	0.00131635	0.0039638
ss	0.975	0.025	-0.025	0.016807	8.548718	10.34432	11.24615	9.897436	17	-1.7956	-8.451282	-6.655682	-2.697436	-0.446882	8.315789	9.224433	9.473684	8.894737	13	-0.908644	-4.684211	-3.775567	-1.157895	-0.329696	0.167799	0.0575	0.035	0.08	0.608696	NA	NA	NA	NA	NA	NA	NA	NA	-0.2584964	-0.7014701	0.0062247	0.0220189
ss	0	0	-0.125	0.050909	14.28333	16.22177	14.79359	14.53846	23	-1.938437	-8.716667	-6.778229	-0.510256	-1.683309	NA	NA	NA	NA	NA	NA	NA	NA	NA	NA	0.158703	0.07125	0.03125	0.10125	0.438596	NA	NA	NA	NA	NA	NA	NA	NA	-0.1314189	-0.04517251	0.00117665	0.00039969
ss	0.1	0.1	0.0375	0.006006	11.90897	14.57608	6.603846	9.25641	25	-2.667109	-13.09103	-10.42392	5.305128	-5.319674	2	2.181818	2	2	3	-0.181818	-1	-0.818182	0	-0.181818	0.057986	0.04125	0.03125	0.05625	0.757576	0.0542145	0.007519	97	30.696	1.975515	0.0466955	1.150579	66.304	-0.431803	-0.7358694	0.00340746	0.00703251
ss	0.55	0.45	0.1625	0.034357	12.02564	13.87079	16.48718	14.25641	15	-1.845148	-2.974359	-1.129211	-4.461538	0.385621	9.909091	9.052607	11.90043	10.90476	9	0.856484	0.909091	0.052607	-1.991342	1.852155	0.115094	0.06625	0.04375	0.10375	0.660377	0.0246589	0.0107169	42.4697	24.4673	0.833316	0.013942	0.5514533	18.0024	-0.4010701	-0.3126032	0.00310246	0.00221706
ss	0.875	0.125	0.875	0.823529	12.02179	14.81118	10.49103	11.25641	18	-2.789387	-5.978205	-3.188818	1.530769	-3.554772	11.76807	13.84097	8.820168	10.29412	13	-2.072898	-1.231933	0.840965	2.947899	-3.546847	0.177518	0.065	0.0425	0.095	0.653846	NA	NA	24.7303	56.9	NA	NA	-0.8332661	32.1697	-0.7788319	-0.9483272	0.01019543	0.01346324
ss	1	0	0	NA	24.25128	20.68864	21.8	23.02564	16	3.562647	8.251282	4.688635	2.451282	2.337006	24.25128	20.68864	21.8	23.02564	16	3.562647	8.251282	4.688635	2.451282	2.337006	0.248918	0.04375	0.038125	0.055	0.871429	NA	NA	NA	NA	NA	NA	NA	NA	-0.04576641	-0.1809026	0.00040698	0.0017015
ss	0.95	0.05	0.9375	0.890788	12.39231	16.22177	12.83846	12.61538	25	-3.829463	-12.60769	-8.778229	-0.446154	-3.606386	12.09957	15.70835	11.35989	11.72973	25	-3.60878	-12.90043	-9.291647	0.739687	-3.978623	0.110826	0.0425	0.0325	0.0575	0.764706	0.0101919	0.00198789	23.2546	7	1.63452	0.00820401	1.200593	16.2546	-0.6572682	-0.7475955	0.00832669	0.0101012
ss	0.9	0.1	0.8625	0.757835	16.41154	20.68864	15.84487	16.12821	21	-4.277097	-4.588462	-0.311365	0.566667	-4.56043	16.12064	18.80977	14.50794	15.31429	16	-2.689134	0.120635	2.809769	1.612698	-3.495483	0.181981	0.035	0.029375	0.0425	0.839286	0.0112609	0.00660747	30.1619	15.3333	0.5331357	0.00465343	0.6765526	14.8286	-0.1337161	-0.4366478	0.00120336	0.00506077
ss	0.875	0.125	0.85	0.752849	22.08461	19.04295	31.76154	26.92308	25	3.041667	-2.915385	-5.957052	-9.676923	7.880129	21.03865	14.08379	21.72605	21.38235	8	6.954867	13.03866	6.083789	-0.687395	7.298564	0.279883	0.10875	0.04625	0.17125	0.425287	0.0148256	0.00480128	39.0664	16	1.127473	0.01002432	0.892674	23.0664	-0.5586272	-0.5523163	0.00660863	0.0057884
ss	0.925	0.075	0.5125	0.250857	13.17692	15.98667	10.72051	11.94872	27	-2.80975	-13.82308	-11.01333	2.45641	-4.037955	12.57357	13.89368	7.148649	9.861111	19	-1.320109	-6.426426	-5.106318	5.424925	-4.032571	0.100966	0.04125	0.035625	0.0525	0.863636	0.0101099	0.0041932	32.2875	13.6667	0.880051	0.0059167	0.8597179	18.6208	0.06220484	-0.07540762	0.0004683	0.00062506
ss	0.475	0.475	0.1125	0.022569	17.14615	16.45687	9.725641	13.4359	20	0.689285	-2.853846	-3.543131	7.420513	-3.020971	14.24561	11.15845	14.30994	14.27778	11	3.087161	3.245614	0.158453	-0.064327	3.119325	0.137668	0.07375	0.03375	0.11375	0.457627	0.0186296	0.0074149	63.0497	28.7595	0.9212602	0.0112147	0.7849552	34.2902	-0.6235241	-0.4277194	0.00475041	0.00261164
ss	1	0	0	NA	17.72692	16.92706	21.60641	19.66667	13	0.799858	4.726923	3.927065	-3.879487	2.739602	17.72692	16.92706	21.60641	19.66667	13	0.799858	4.726923	3.927065	-3.879487	2.739602	0.231882	0.065	0.0425	0.095	0.653846	NA	NA	NA	NA	NA	NA	NA	NA	-0.5905811	-0.4943577	0.00802068	0.00611333
ss	0	0	-0.025	0.033898	9.571795	13.40059	8.992308	9.282051	28	-3.828798	-18.4282	-14.59941	0.579487	-4.118542	NA	NA	NA	NA	NA	NA	NA	NA	NA	NA	0.057041	0.04875	0.02625	0.06375	0.538462	NA	NA	NA	NA	NA	NA	NA	NA	-0.4975605	-0.6069961	0.0087937	0.0111115
ss	1	0	0	NA	23.82308	22.33432	18.2282	21.02564	20	1.488755	3.823077	2.334322	5.594872	-1.308681	23.82308	22.33432	18.2282	21.02564	20	1.488755	3.823077	2.334322	5.594872	-1.308681	0.199072	0.0425	0.036875	0.05375	0.867647	NA	NA	NA	NA	NA	NA	NA	NA	-0.723198	-0.429918	0.00927987	0.0045198
ss	0.05	0.05	0.05	0.033898	19.0282	20.68864	23.2282	21.12821	23	-1.66043	-3.971795	-2.311365	-4.2	0.43957	NA	NA	NA	NA	NA	NA	NA	NA	NA	NA	0.126776	0.04375	0.03375	0.05875	0.771429	0.0387394	0.00590443	110	17.8464	1.881154	0.03283497	1.818679	92.1536	-0.6501086	-0.9230861	0.00426239	0.00720195
ss	0.9	0.1	0.875	0.78819	11.76282	14.34099	9.108974	10.4359	16	-2.578165	-4.237179	-1.659014	2.653846	-3.905088	11.62381	13.98675	7.633333	9.628571	16	-2.362942	-4.37619	-2.013249	3.990476	-4.35818	0.0521	0.04375	0.038125	0.055	0.871429	0.00648878	0.0399327	23.7183	74.4167	-1.817121	0.03344392	-1.143433	50.6984	-0.3952214	-0.4663789	0.0026214	0.00318055
ss	0.125	0.125	0.125	0.086957	8.121795	13.16549	12.03205	10.07692	22	-5.0437	-13.8782	-8.834505	-3.910256	-3.088572	0.8	0.96	0.2	0.5	2	-0.16	-1.2	-1.04	0.6	-0.46	0.128103	0.0525	0.036875	0.0775	0.702381	NA	NA	120.8	26.8807	NA	NA	1.502728	93.9193	-1.052268	-1.073292	0.01380756	0.01446453
ss	0.95	0.05	0.95	0.926829	15.97692	14.34099	14.99744	15.48718	12	1.635937	3.976923	2.340986	0.979487	1.146194	15.89474	13.5663	12.97013	14.43243	9	2.328432	6.894737	4.566305	2.924609	0.866127	0.200567	0.05	0.034375	0.06875	0.6875	0.0154242	0.0135792	24.5832	23	0.1273985	0.001845	0.06656907	1.5832	-0.3695571	-0.6942072	0.0048232	0.0127085
ss	0.975	0.025	0.35	0.161653	13.05256	15.04628	20.74231	16.89744	14	-1.993716	-0.947436	1.04628	-7.689744	1.851156	13.00135	14.66448	18.63023	15.81579	13	-1.663134	0.00135	1.664484	-5.62888	1.151306	0.169146	0.04375	0.038125	0.055	0.871429	NA	NA	NA	NA	NA	NA	NA	NA	-0.2656061	-0.6795712	0.0044092	0.0144863
ss	1	0	0	NA	16.05128	16.45687	14.30769	15.17949	15	-0.405587	1.051282	1.456869	1.74359	-1.277382	16.05128	16.45687	14.30769	15.17949	15	-0.405587	1.051282	1.456869	1.74359	-1.277382	0.08582	0.035	0.029375	0.0425	0.839286	NA	NA	NA	NA	NA	NA	NA	NA	-0.3289571	-0.2449881	0.0054873	0.0038992
ss	0.3	0.3	0.225	0.091503	15.9	17.86746	15.58718	15.74359	28	-1.967458	-12.1	-10.13254	0.312821	-2.123868	2.590909	3.973671	8.136364	5.363636	6	-1.382762	-3.409091	-2.026329	-5.545455	1.389965	0.126075	0.065	0.034375	0.09125	0.528846	0.0741634	0.00540744	123.356	25.7897	2.618495	0.06875596	1.565099	97.5663	-0.7542781	-0.883673	0.00624791	0.00907302
ss	1	0	0	NA	9.608974	11.99	10.85256	10.23077	17	-2.38103	-7.391026	-5.009996	-1.24359	-1.759235	9.608974	11.99	10.85256	10.23077	17	-2.38103	-7.391026	-5.009996	-1.24359	-1.759235	0.125955	0.05125	0.035625	0.07	0.695122	NA	NA	NA	NA	NA	NA	NA	NA	-0.8897161	-0.7924952	0.0168383	0.0142359
ss	0.975	0.025	-0.025	0.016807	23.3359	22.56942	17.48462	20.41026	17	0.766477	6.335897	5.56942	5.851282	-2.159164	23.32254	21.7602	15.62483	19.47368	16	1.562336	7.322537	5.760202	7.697706	-2.286517	0.125381	0.0525	0.036875	0.07125	0.702381	NA	NA	NA	NA	NA	NA	NA	NA	-0.1203325	-0.1165232	0.00053471	0.00046668
ss	0.975	0.025	0.325	0.128079	18.85513	20.68864	21.70897	20.28205	20	-1.833507	-1.144872	0.688635	-2.853846	-0.406584	18.51282	19.86801	20.11876	19.31579	17	-1.35519	1.512821	2.86801	-1.605938	-0.552221	0.111885	0.0575	0.035	0.0875	0.608696	NA	NA	NA	NA	NA	NA	NA	NA	0.1645616	0.1603432	0.00144389	0.0013722
ss	1	0	0	NA	12.14231	14.57608	6.575641	9.358974	16	-2.433776	-3.857692	-1.423916	5.566667	-5.217109	12.14231	14.57608	6.575641	9.358974	16	-2.433776	-3.857692	-1.423916	5.566667	-5.217109	0.100005	0.045	0.035	0.06	0.777778	NA	NA	NA	NA	NA	NA	NA	NA	-0.4491128	-0.596531	0.006077	0.0090576
ss	1	0	0	NA	10.20769	14.34099	10.71538	10.46154	22	-4.133293	-11.79231	-7.659014	-0.507692	-3.879447	10.20769	14.34099	10.71538	10.46154	22	-4.133293	-11.79231	-7.659014	-0.507692	-3.879447	0.112942	0.04125	0.03125	0.05125	0.757576	NA	NA	NA	NA	NA	NA	NA	NA	-0.7530827	-0.5455764	0.01109274	0.00716376
ss	1	0	0	NA	18.02051	17.63236	19.82564	18.92308	24	0.388153	-5.979487	-6.367641	-1.805128	1.290717	18.02051	17.63236	19.82564	18.92308	24	0.388153	-5.979487	-6.367641	-1.805128	1.290717	0.158048	0.055	0.0325	0.085	0.590909	NA	NA	NA	NA	NA	NA	NA	NA	-0.0534867	-0.1122995	0.0007509	0.00158
ss	0.075	0.075	0.075	0.051282	22.94744	24.9204	14.12949	18.53846	32	-1.972966	-9.052564	-7.079599	8.817949	-6.38194	24	24	30	27	18	0	6	6	-6	3	0.09385	0.03625	0.030625	0.04375	0.844828	0.0485048	0.00707044	41.8333	26.7275	1.92574	0.04143436	0.4479997	15.1058	-0.5519282	-0.528176	0.00406863	0.00379022
ss	1	0	0.95	0.870813	15.53333	17.39726	11.64615	13.58974	27	-1.863928	-11.46667	-9.602739	3.887179	-3.807518	15.53333	17.39726	11.64615	13.58974	27	-1.863928	-11.46667	-9.602739	3.887179	-3.807518	0.170168	0.0475	0.031875	0.06625	0.671053	NA	NA	NA	NA	NA	NA	NA	NA	0.0172298	-0.1894134	0.0002115	0.0026347
ss	0.1	0.1	-0.3	0.097222	20.41154	22.56942	14.6141	17.51282	27	-2.157882	-6.588462	-4.43058	5.797436	-5.0566	9.666667	8.727273	11.66667	10.66667	3	0.939394	6.666667	5.727273	-2	1.939394	0.160595	0.0375	0.031875	0.04875	0.85	0.0856943	0.00812991	102.083	27.1571	2.355236	0.07756439	1.324148	74.9259	0.002977255	0.1804648	1.952e-05	0.00106937
ss	1	0	0	NA	11.27949	11.28471	6.976923	9.128205	14	-0.005223	-2.720513	-2.71529	4.302564	-2.156505	11.27949	11.28471	6.976923	9.128205	14	-0.005223	-2.720513	-2.71529	4.302564	-2.156505	0.155779	0.05	0.04	0.065	0.8	NA	NA	NA	NA	NA	NA	NA	NA	-0.4245615	-0.3466137	0.0089809	0.0069667
ss	0	0	0	NA	11.8359	15.28138	8.369231	10.10256	20	-3.445481	-8.164103	-4.718622	3.466667	-5.178814	NA	NA	NA	NA	NA	NA	NA	NA	NA	NA	0.131389	0.04125	0.03125	0.05125	0.757576	NA	NA	NA	NA	NA	NA	NA	NA	-0.7227261	-1.219056	0.00858076	0.02144097
ss	0.875	0.125	0.875	0.823529	11.2218	9.874121	6.162821	8.692308	8	1.347674	3.221795	1.874121	5.058974	-1.181814	10.95126	8.741662	4.754622	7.852941	4	2.209598	6.951261	4.741662	6.196639	-0.888721	0.190281	0.13375	0.083125	0.2125	0.621495	NA	NA	42.6412	64.5	NA	NA	-0.4138443	21.8588	-0.4550793	-0.1461116	0.0109144	0.002638
ss	1	0	0	NA	22.85	21.39393	19.86795	21.35897	30	1.45607	-7.15	-8.60607	2.982051	-0.034955	22.85	21.39393	19.86795	21.35897	30	1.45607	-7.15	-8.60607	2.982051	-0.034955	0.161732	0.05125	0.035625	0.07	0.695122	NA	NA	NA	NA	NA	NA	NA	NA	-0.1134704	-0.2407496	0.00109285	0.00255575
ss	0.775	0.225	0.7625	0.661222	7.489744	11.04961	14.25385	10.8718	15	-3.559868	-7.510256	-3.950388	-6.764103	-0.177817	4.701075	7.259097	7.898925	6.3	13	-2.558022	-8.298925	-5.740903	-3.197849	-0.959097	0.097457	0.0625	0.046875	0.0875	0.75	0.026375	0.0119038	39.7204	20.3472	0.7955589	0.0144712	0.6689216	19.3732	0.001481109	0.03761298	2.09e-05	0.0005206
ss	0.975	0.025	0.975	0.962963	16.83846	14.10589	17.52051	17.17949	13	2.732574	3.838462	1.105888	-0.682051	3.0736	16.70985	12.77229	15.60594	16.15789	8	3.937559	8.709852	4.772292	1.103914	3.385603	0.31597	0.1175	0.066875	0.185	0.569149	NA	NA	NA	NA	NA	NA	NA	NA	0.06983551	0.08872596	0.0008792	0.001098
ss	1	0	0	NA	14.48205	15.98667	6.235897	10.35897	17	-1.504621	-2.517949	-1.013327	8.246154	-5.627698	14.48205	15.98667	6.235897	10.35897	17	-1.504621	-2.517949	-1.013327	8.246154	-5.627698	0.177924	0.04875	0.03875	0.06375	0.794872	NA	NA	NA	NA	NA	NA	NA	NA	-0.1356136	0.1681537	0.00103268	0.0010501
ss	0	0	0	NA	21.63333	26.56609	14.36667	18	30	-4.932755	-8.366667	-3.433912	7.266667	-8.566088	NA	NA	NA	NA	NA	NA	NA	NA	NA	NA	0.125664	0.06	0.0375	0.0825	0.625	NA	NA	NA	NA	NA	NA	NA	NA	-0.6768599	-0.7251182	0.00876143	0.00980052
ss	0.975	0.025	-0.025	0.016807	10.0359	11.75491	15.50256	12.76923	16	-1.719009	-5.964103	-4.245094	-5.466667	1.014324	9.684211	9.934005	5.684211	7.684211	13	-0.249795	-3.315789	-3.065995	4	-2.249795	0.217359	0.06375	0.04125	0.10125	0.647059	NA	NA	NA	NA	NA	NA	NA	NA	-0.1526777	-0.1609733	0.0018411	0.00194
ss	1	0	0	NA	13.28462	13.40059	8.253846	10.76923	14	-0.115978	-0.715385	-0.599407	5.030769	-2.631362	13.28462	13.40059	8.253846	10.76923	14	-0.115978	-0.715385	-0.599407	5.030769	-2.631362	0.136099	0.05625	0.04625	0.07125	0.822222	NA	NA	NA	NA	NA	NA	NA	NA	-0.1598845	0.02274429	0.0017651	0.00022453
ss	1	0	0.9875	0.963878	17.31154	18.33765	9.611538	13.46154	25	-1.026115	-7.688462	-6.662346	7.7	-4.876115	17.31154	18.33765	9.611538	13.46154	25	-1.026115	-7.688462	-6.662346	7.7	-4.876115	0.169504	0.05125	0.04125	0.06625	0.804878	NA	NA	NA	NA	NA	NA	NA	NA	-0.1396413	-0.4938949	0.00088357	0.00449906
ss	1	0	0	NA	26.1359	21.62903	16.7359	21.4359	22	4.50687	4.135897	-0.370972	9.4	-0.19313	26.1359	21.62903	16.7359	21.4359	22	4.50687	4.135897	-0.370972	9.4	-0.19313	0.237509	0.05875	0.043125	0.08375	0.734043	NA	NA	NA	NA	NA	NA	NA	NA	-0.1507734	-0.03096595	0.0017748	0.0003345
ss	0.05	0.05	0.05	0.033898	18.90385	23.98001	6.685897	12.79487	39	-5.076163	-20.09615	-15.01999	12.21795	-11.18514	NA	NA	NA	NA	NA	NA	NA	NA	NA	NA	0.084624	0.0375	0.031875	0.04875	0.85	0.00270946	0.00664792	9	24.7255	-0.8975547	0.00393846	-1.010611	15.7255	-0.7893763	-0.8064646	0.00798649	0.00826375
ss	1	0	0	NA	7.920513	9.639023	3.874359	5.897436	13	-1.71851	-5.079487	-3.360977	4.046154	-3.741587	7.920513	9.639023	3.874359	5.897436	13	-1.71851	-5.079487	-3.360977	4.046154	-3.741587	0.097501	0.04375	0.038125	0.055	0.871429	NA	NA	NA	NA	NA	NA	NA	NA	-0.0194547	0.2652094	0.0004334	0.0050509
ss	0.875	0.125	0.875	0.823529	13.89231	14.34099	10.82564	12.35897	15	-0.448678	-1.107692	-0.659014	3.066667	-1.982011	13.04874	12.1412	9.421849	11.23529	9	0.907542	4.048739	3.141197	3.626891	-0.905903	0.08912	0.05375	0.04375	0.06875	0.813953	0.0121499	0.00812562	33.2807	19.7	0.4022989	0.00402428	0.524359	13.5807	-0.3810369	-0.4793884	0.003569	0.00464074
ss	0.85	0.15	-0.1375	0.078382	9.297436	14.34099	7.933333	8.615385	23	-5.04355	-13.70256	-8.659014	1.364103	-5.725601	8.297683	12.96224	7.399287	7.848485	22	-4.664561	-13.70232	-9.037756	0.898396	-5.113759	0.056695	0.05	0.034375	0.06875	0.6875	0.0165336	0.0334676	44.1845	53.2333	-0.7051831	0.016934	-0.1863101	9.0488	-0.2670507	-0.4453031	0.0033575	0.0061665
ss	0.725	0.275	0.225	0.052856	10.43846	11.99	8.125641	9.282051	20	-1.551543	-9.561538	-8.009996	2.312821	-2.707953	9.142857	10.18545	8.571429	8.857143	17	-1.042592	-7.857143	-6.814551	0.571429	-1.328306	0.154048	0.04875	0.033125	0.0675	0.679487	0.0145219	0.0241715	46.9618	68.4727	-0.5095164	0.0096496	-0.3771006	21.5109	-0.2018787	-0.2628487	0.00198456	0.0026726
ss	1	0	0	NA	11.08077	17.86746	16.04744	13.5641	26	-6.786688	-14.91923	-8.132542	-4.966667	-4.303355	11.08077	17.86746	16.04744	13.5641	26	-6.786688	-14.91923	-8.132542	-4.966667	-4.303355	0.249401	0.04875	0.03875	0.06375	0.794872	NA	NA	NA	NA	NA	NA	NA	NA	-0.009429743	-0.2618368	0.0001452	0.0047943
ss	1	0	0	NA	16.91539	18.80785	7.597436	12.25641	22	-1.892466	-5.084615	-3.19215	9.317949	-6.55144	16.91539	18.80785	7.597436	12.25641	22	-1.892466	-5.084615	-3.19215	9.317949	-6.55144	0.111364	0.03375	0.028125	0.04125	0.833333	NA	NA	NA	NA	NA	NA	NA	NA	-0.1752933	-0.3498139	0.002427	0.0054305
ss	0.85	0.15	0.2125	0.089412	7.687179	9.168827	5.235897	6.461538	10	-1.481647	-2.312821	-0.831173	2.451282	-2.707288	7.885918	8.804543	3.99287	5.939394	10	-0.918625	-2.114082	-1.195457	3.893048	-2.865149	0.13548	0.04625	0.040625	0.0575	0.878378	NA	NA	22.8111	90.5	NA	NA	-1.378103	67.6889	-0.06551273	-0.1308478	0.0007754	0.0016255
ss	1	0	0	NA	12.18846	15.04628	6.939744	9.564103	27	-2.857819	-14.81154	-11.95372	5.248718	-5.482178	12.18846	15.04628	6.939744	9.564103	27	-2.857819	-14.81154	-11.95372	5.248718	-5.482178	0.065536	0.03875	0.033125	0.04625	0.854839	NA	NA	NA	NA	NA	NA	NA	NA	-0.4917052	-0.1818182	0.00492723	0.00147673
ss	0.25	0.25	0.25	0.181818	11.58974	13.40059	13.02564	12.30769	18	-1.81085	-6.410256	-4.599407	-1.435897	-1.092901	3.555556	3.534858	4.888889	4.222222	0	0.020698	3.555556	3.534858	-1.333333	0.687365	0.093299	0.06	0.0375	0.09	0.625	0.0713583	0.0111229	108.111	31.708	1.858708	0.0602354	1.226589	76.403	-0.2927673	-0.2118237	0.00231204	0.00154754
ss	0.025	0.025	0.025	0.016807	10.23205	15.28138	16.58846	13.41026	24	-5.049327	-13.76795	-8.718622	-6.35641	-1.871122	NA	NA	NA	NA	NA	NA	NA	NA	NA	NA	0.188897	0.05	0.04	0.065	0.8	NA	NA	NA	NA	NA	NA	NA	NA	-0.3059329	0.1120755	0.006354	0.0017914
ss	1	0	0.875	0.706857	11.97436	10.81451	7.205128	9.589744	12	1.159845	-0.025641	-1.185486	4.769231	-1.22477	11.97436	10.81451	7.205128	9.589744	12	1.159845	-0.025641	-1.185486	4.769231	-1.22477	0.158732	0.04625	0.030625	0.065	0.662162	NA	NA	NA	NA	NA	NA	NA	NA	0.4296226	0.06542429	0.0060673	0.0011726
ss	0.325	0.325	0.2875	0.167067	7.146154	11.04961	4.95641	6.051282	18	-3.903458	-10.85385	-6.950388	2.189744	-4.99833	2.230769	3.866963	5.102564	3.666667	8	-1.636193	-5.769231	-4.133037	-2.871795	-0.200296	0.04021	0.07875	0.028125	0.1125	0.357143	0.0687035	0.017862	107.558	38.8476	1.347125	0.0508415	1.018384	68.7104	-0.2876976	-0.07777693	0.0037547	0.0008555
ss	0.775	0.225	0.7625	0.661222	11.4359	12.9304	19.53846	15.48718	12	-1.4945	-0.564103	0.930397	-8.102564	2.556783	6.154839	7.259097	10.77849	8.466667	5	-1.104259	1.154839	2.259097	-4.623656	1.207569	0.226469	0.0725	0.041875	0.11625	0.577586	0.0384793	0.0356869	49.7409	53.5	0.07533676	0.0027924	-0.07285412	3.7591	-0.2011449	-0.2736735	0.0043431	0.0062625
ss	0.975	0.025	-0.025	0.016807	9.237179	12.6953	12.55769	10.89744	17	-3.458119	-7.762821	-4.304701	-3.320513	-1.797863	9.082321	11.35315	10.70715	9.894737	12	-2.270827	-2.917679	-0.646851	-1.624831	-1.458412	0.159669	0.05375	0.04375	0.07375	0.813953	NA	NA	NA	NA	NA	NA	NA	NA	-0.3641046	-0.5463723	0.0057014	0.0092627
ss	1	0	0	NA	13.45897	17.16216	9.310256	11.38462	17	-3.703189	-3.541026	0.162163	4.148718	-5.777548	13.45897	17.16216	9.310256	11.38462	17	-3.703189	-3.541026	0.162163	4.148718	-5.777548	0.103186	0.03875	0.033125	0.04625	0.854839	NA	NA	NA	NA	NA	NA	NA	NA	-0.2620139	0.02215716	0.0033156	0.0002336
ss	1	0	0	NA	12.44103	14.81118	8.789744	10.61538	23	-2.370156	-10.55897	-8.188818	3.651282	-4.195797	12.44103	14.81118	8.789744	10.61538	23	-2.370156	-10.55897	-8.188818	3.651282	-4.195797	0.113348	0.06125	0.030625	0.0875	0.5	NA	NA	NA	NA	NA	NA	NA	NA	-0.7111319	-0.2701151	0.0127771	0.0036989
ss	0.175	0.175	0.175	0.123894	18.12564	17.16216	13.56667	15.84615	24	0.963478	-5.874359	-6.837837	4.558974	-1.316009	8.190476	8.163265	6.809524	7.5	6	0.027211	2.190476	2.163265	1.380952	-0.663265	0.122978	0.04	0.034375	0.05125	0.859375	0.0601802	0.0138828	91.2619	30.267	1.466693	0.0462974	1.103675	60.9949	-0.5743903	-0.6393374	0.0080674	0.0091261
ss	0.7	0.3	0.7	0.608696	18.5282	22.09922	8.753846	13.64103	37	-3.571019	-18.4718	-14.90078	9.774359	-8.458198	16.30423	18.24509	8.510582	12.40741	21	-1.940863	-4.695767	-2.754905	7.793651	-5.837688	0.066907	0.06125	0.045625	0.0925	0.744898	0.020022	0.0277671	45.6852	53.6818	-0.3270202	0.0077451	-0.1612996	7.9966	-0.8863893	-0.5053041	0.01257577	0.00543655
ss	0	0	0	NA	9.965385	13.16549	7.726923	8.846154	15	-3.20011	-5.034615	-1.834505	2.238462	-4.319341	NA	NA	NA	NA	NA	NA	NA	NA	NA	NA	0.213079	0.055	0.045	0.075	0.818182	NA	NA	NA	NA	NA	NA	NA	NA	0.2376134	0.04601142	0.0029065	0.0006356
ss	1	0	0	NA	7.235897	10.81451	16.55897	11.89744	19	-3.578616	-11.7641	-8.185486	-9.323077	1.082922	7.235897	10.81451	16.55897	11.89744	19	-3.578616	-11.7641	-8.185486	-9.323077	1.082922	0.26509	0.13875	0.033125	0.22	0.238739	NA	NA	NA	NA	NA	NA	NA	NA	-0.477493	-0.03851147	0.0124798	0.0007868
ss	1	0	1	1	9.611538	12.4602	6.542308	8.076923	9	-2.848662	0.611538	3.460201	3.069231	-4.383278	9.611538	12.4602	6.542308	8.076923	9	-2.848662	0.611538	3.460201	3.069231	-4.383278	0.099841	0.05375	0.04375	0.06875	0.813953	NA	NA	NA	NA	NA	NA	NA	NA	-0.1534751	0.003436673	0.002193	4.36e-05
ss	0.975	0.025	0.9625	0.926875	8.515385	8.463533	5.535897	7.025641	9	0.051852	-0.484615	-0.536467	2.979487	-1.437892	8.493927	8.278338	3.716599	6.105263	9	0.21559	-0.506073	-0.721662	4.777328	-2.173074	0.1511	0.06875	0.04625	0.10625	0.672727	NA	NA	NA	NA	NA	NA	NA	NA	-0.02218951	-0.289678	0.0002376	0.0036325
ss	0.125	0.125	0.125	0.086957	21.41026	22.33432	12.53846	16.97436	29	-0.924066	-7.589744	-6.665678	8.871795	-5.359963	18	19.68	23	20.5	22	-1.68	-4	-2.32	-5	0.82	0.142571	0.03625	0.030625	0.04375	0.844828	0.020714	0.00476914	30.95	22.3361	1.468644	0.01594486	0.3261688	8.6139	-1.561046	-0.9871628	0.01780825	0.00710224
ss	1	0	0	NA	11.58846	12.6953	7.642308	9.615385	15	-1.106837	-3.411538	-2.304701	3.946154	-3.079914	11.58846	12.6953	7.642308	9.615385	15	-1.106837	-3.411538	-2.304701	3.946154	-3.079914	0.197441	0.03625	0.030625	0.04375	0.844828	NA	NA	NA	NA	NA	NA	NA	NA	-0.2606552	-0.2951362	0.0040686	0.0046699
ss	0.875	0.125	-0.125	0.086957	21.5218	24.21511	19.14487	20.33333	30	-2.693312	-8.478205	-5.784893	2.376923	-3.881774	21.06218	22.58263	17.76134	19.41176	29	-1.520442	-7.937815	-6.417373	3.30084	-3.170862	0.054091	0.0425	0.0325	0.0575	0.764706	NA	NA	20.9874	136.65	NA	NA	-1.873501	115.6626	-0.6168406	-0.4616174	0.00375553	0.00246916
ss	0.525	0.475	0.525	0.424242	11.55385	12.6953	10.70256	11.1282	15	-1.141453	-3.446154	-2.304701	0.851282	-1.567094	9.295238	10.28424	13.80476	11.55	11	-0.988997	-1.704762	-0.715765	-4.509524	1.265765	0.191821	0.0425	0.0325	0.0575	0.764706	0.0215527	0.0138487	37.0643	25.4386	0.4423097	0.007704	0.3763865	11.6257	-1.274807	-1.197107	0.01990834	0.01793144
ss	0.9	0.1	0.425	0.176851	13.35897	15.75157	20.48718	16.92308	19	-2.3926	-5.641026	-3.248426	-7.128205	1.171502	11.9873	13.7456	20.58413	16.28571	14	-1.758299	-2.012698	-0.2544	-8.596825	2.540114	0.15858	0.045	0.039375	0.05625	0.875	0.0119825	0.0292022	28.6294	38.3333	-0.8907968	0.0172197	-0.2918848	9.7039	0.1382535	0.1912137	0.00120779	0.00161895
ss	0.975	0.025	0.975	0.962963	9.458974	13.16549	23.25897	16.35897	17	-3.706521	-7.541026	-3.834505	-13.8	3.193479	9.373819	12.53577	21.41566	15.39474	15	-3.161949	-5.626181	-2.464232	-12.04184	2.858969	0.220524	0.1075	0.031875	0.14875	0.296512	NA	NA	NA	NA	NA	NA	NA	NA	0.2397826	0.1582149	0.0046096	0.003208
ss	1	0	0	NA	7.364103	16.92706	16.22564	11.79487	41	-9.562963	-33.6359	-24.07294	-8.861538	-5.132193	7.364103	16.92706	16.22564	11.79487	41	-9.562963	-33.6359	-24.07294	-8.861538	-5.132193	0.228009	0.04375	0.038125	0.055	0.871429	NA	NA	NA	NA	NA	NA	NA	NA	0.03273937	0.06445374	0.000432	0.0008246
ss	1	0	0.9875	0.963878	16.34231	18.57275	9.555128	12.94872	20	-2.230444	-3.657692	-1.427248	6.787179	-5.624034	16.34231	18.57275	9.555128	12.94872	20	-2.230444	-3.657692	-1.427248	6.787179	-5.624034	0.158955	0.0425	0.0325	0.0575	0.764706	NA	NA	NA	NA	NA	NA	NA	NA	-0.4035002	-0.2030471	0.00338118	0.00153055
ss	0.9	0.1	0.875	0.786264	14.8141	13.87079	18.16026	16.48718	6	0.943313	8.814103	7.870789	-3.346154	2.61639	14.69841	13.2633	16.95873	15.82857	3	1.435114	11.69841	10.2633	-2.260317	2.565273	0.215542	0.05	0.04	0.065	0.8	0.0107994	0.033613	29.319	68.1667	-1.135422	0.0228136	-0.8437204	38.8477	-0.03248241	-0.2487751	0.00027162	0.00243595
ss	0.925	0.075	-0.075	0.051282	11.39103	16.45687	8.044872	9.717949	22	-5.065843	-10.60897	-5.543131	3.346154	-6.73892	10.42042	14.61232	6.468468	8.444444	20	-4.191901	-9.57958	-5.387679	3.951952	-6.167877	0.077934	0.05625	0.040625	0.0875	0.722222	NA	NA	29.4129	90	NA	NA	-1.118376	60.5871	-0.1437937	-0.6023755	0.00141912	0.0082494
ss	0.025	0.025	0.025	0.016807	8.262821	10.57942	6.147436	7.205128	21	-2.316595	-12.73718	-10.42058	2.115385	-3.374287	NA	NA	NA	NA	NA	NA	NA	NA	NA	NA	0.037801	0.045	0.035	0.065	0.777778	NA	NA	NA	NA	NA	NA	NA	NA	-0.7172982	-0.7686589	0.0109137	0.0128385
ss	0.9	0.1	0.9	0.857143	12.49487	14.34099	6.069231	9.282051	18	-1.846114	-5.505128	-3.659014	6.425641	-5.058934	12.40635	12.781	4.850794	8.628571	13	-0.374648	-0.593651	-0.219003	7.555556	-4.152425	0.09462	0.0675	0.045	0.0975	0.666667	0.0152897	0.00868901	38.7262	31.5	0.5651204	0.00660069	0.2065288	7.2262	-0.1527794	-0.1303085	0.00117255	0.00099701
ss	0.15	0.15	0.15	0.105263	17.18974	18.33765	12.34872	14.76923	18	-1.14791	-0.810256	0.337654	4.841026	-3.568423	5.933333	7.007299	9.666667	7.8	8	-1.073966	-2.066667	-0.992701	-3.733333	0.792701	0.156378	0.0475	0.041875	0.05875	0.881579	0.0674676	0.00696419	97.6	22.5918	2.270866	0.06050341	1.46329	75.0082	-0.753344	-0.9695528	0.00597632	0.00880524
ss	0.975	0.025	0.975	0.962963	13.47692	11.75491	15.75385	14.61538	5	1.722017	8.476923	6.754906	-2.276923	2.860478	13.41161	11.58967	13.79892	13.60526	5	1.821933	8.411606	6.589673	-0.387314	2.015591	0.186194	0.08625	0.070625	0.1175	0.818841	NA	NA	NA	NA	NA	NA	NA	NA	-0.3783526	-0.1178511	0.0049498	0.0013278
ss	1	0	0	NA	12.31923	12.4602	14.19359	13.25641	15	-0.14097	-2.680769	-2.539799	-1.874359	0.79621	12.31923	12.4602	14.19359	13.25641	15	-0.14097	-2.680769	-2.539799	-1.874359	0.79621	0.192062	0.06375	0.048125	0.08875	0.754902	NA	NA	NA	NA	NA	NA	NA	NA	-0.08838415	0.007464604	0.0018426	0.0001435
ss	0.2	0.2	0	0.002604	11.27692	14.81118	4.620513	7.948718	26	-3.534259	-14.72308	-11.18882	6.65641	-6.862464	8.964286	8.099174	10.17857	9.571429	5	0.865112	3.964286	3.099174	-1.214286	1.472255	0.048134	0.05375	0.038125	0.07875	0.709302	0.0377517	0.0131851	73.3929	32.1794	1.051943	0.0245666	0.8245007	41.2135	-0.1188131	-0.1187575	0.00100688	0.00100261
ss	0.025	0.025	0.025	0.016807	16.51538	21.39393	10.9718	13.74359	38	-4.878545	-21.48462	-16.60607	5.54359	-7.65034	NA	NA	NA	NA	NA	NA	NA	NA	NA	NA	0.093348	0.0425	0.036875	0.05375	0.867647	NA	NA	NA	NA	NA	NA	NA	NA	-0.3086109	-0.4718077	0.00189225	0.00340478
ss	0.6	0.4	0.6	0.5	7.5	9.874121	9.115385	8.307692	20	-2.374121	-12.5	-10.12588	-1.615385	-1.566429	6.021739	6.69471	10.67391	8.347826	9	-0.672971	-2.978261	-2.30529	-4.652174	1.653116	0.120574	0.045	0.035	0.06	0.777778	0.0254974	0.0217124	41.596	35.85	0.160693	0.003785	0.1486604	5.746	-0.697986	-0.5353206	0.0110223	0.0074096
ss	0.975	0.025	0.025	0.013913	16.39487	17.39726	20.42564	18.41026	16	-1.00239	0.394872	1.397261	-4.030769	1.012995	16.37247	17.26625	18.25911	17.31579	17	-0.893777	-0.62753	0.266247	-1.88664	0.049543	0.240835	0.0425	0.036875	0.05375	0.867647	NA	NA	NA	NA	NA	NA	NA	NA	0.04256828	-0.3262304	0.00038904	0.00381672
ss	0.175	0.175	0.175	0.123894	10.79744	15.98667	7.048718	8.923077	26	-5.189237	-15.20256	-10.01333	3.748718	-7.063596	7.714286	8.571429	12.61905	10.16667	10	-0.857143	-2.285714	-1.428571	-4.904762	1.595238	0.07461	0.035	0.0325	0.04	0.928571	0.0385504	0.0124357	55.6905	28.2907	1.131395	0.0261147	0.6772764	27.3998	-0.3803211	-0.372672	0.00395821	0.00381015
ss	0.175	0.175	0.175	0.123894	18.98846	20.45354	15.72949	17.35897	36	-1.465075	-17.01154	-15.54646	3.258974	-3.094563	2.285714	3.265306	3.714286	3	6	-0.979592	-3.714286	-2.734694	-1.428571	-0.265306	0.155898	0.04	0.03	0.055	0.75	0.0752651	0.0132023	125.19	31.9621	1.740625	0.0620628	1.365282	93.2279	-0.5243248	-0.4996613	0.00631058	0.00621058
ss	0.025	0.025	0.025	0.016807	16.38205	21.39393	19.82308	18.10256	22	-5.011878	-5.617949	-0.60607	-3.441026	-3.291365	NA	NA	NA	NA	NA	NA	NA	NA	NA	NA	0.096897	0.05	0.04	0.065	0.8	NA	NA	NA	NA	NA	NA	NA	NA	-0.1442684	-0.2043358	0.00119776	0.00172982
ss	0.65	0.35	0.65	0.553191	13.45769	14.34099	6.696154	10.07692	17	-0.883293	-3.542308	-2.659014	6.761538	-4.264063	11.41846	10.74435	6.741538	9.08	15	0.674109	-3.581538	-4.255647	4.676923	-1.664353	0.093798	0.06625	0.04375	0.09625	0.660377	0.017115	0.0192531	39.5846	28.5934	-0.1177168	0.0021381	0.3252642	10.9912	-1.110274	-0.6992682	0.01380644	0.00623386
ss	0.025	0.025	0.025	0.016807	13.63462	19.74824	6.211538	9.923077	36	-6.113627	-22.36538	-16.25176	7.423077	-9.825166	NA	NA	NA	NA	NA	NA	NA	NA	NA	NA	0.11086	0.04	0.03	0.055	0.75	NA	NA	NA	NA	NA	NA	NA	NA	-0.2895257	-0.3510795	0.0054637	0.0067765
ss	0.05	0.05	0.0375	0.017094	9.985897	13.16549	16.42436	13.20513	20	-3.179598	-10.0141	-6.834505	-6.438462	0.039633	NA	NA	NA	NA	NA	NA	NA	NA	NA	NA	0.116969	0.04	0.034375	0.05125	0.859375	0.0834986	0.0122146	117	22.1309	1.922198	0.071284	1.665199	94.8691	-0.3184958	-0.1986323	0.0042122	0.0023838
ss	0.775	0.225	0.75	0.626959	18.10256	17.39726	16.97436	17.53846	17	0.705303	1.102564	0.397261	1.128205	0.1412	16.12473	14.01757	15.67527	15.9	10	2.107164	6.124731	4.017567	0.449462	1.882433	0.216232	0.04625	0.03625	0.06125	0.783784	0.0135869	0.0244996	37.8452	37.9583	-0.5895507	0.0109127	-0.002984033	0.1131	-0.2823858	-0.4594682	0.00220768	0.00404585
ss	0.125	0.125	-0.2	0.046394	9.00641	13.63569	7.044872	8.025641	25	-4.629281	-15.99359	-11.36431	1.961538	-5.61005	6.6	7.2	7.9	7.25	9	-0.6	-2.4	-1.8	-1.3	0.05	0.04514	0.0475	0.0375	0.0625	0.789474	0.0162795	0.0155117	21.2	26.0286	0.04831207	0.0007678	-0.2051948	4.8286	0.00274616	-0.1529475	3.24e-05	0.0019791
ss	0.975	0.025	0.9625	0.926875	13.96667	15.28138	13.62308	13.79487	16	-1.314712	-2.033333	-0.718622	0.34359	-1.486506	13.97841	15.13753	11.65317	12.81579	16	-1.159124	-2.021592	-0.862468	2.325236	-2.321742	0.102398	0.04	0.034375	0.0475	0.859375	NA	NA	NA	NA	NA	NA	NA	NA	-0.8715879	-0.941736	0.01095744	0.01248967
ss	1	0	0	NA	9.026923	10.81451	8.665385	8.846154	18	-1.787591	-8.973077	-7.185486	0.361538	-1.96836	9.026923	10.81451	8.665385	8.846154	18	-1.787591	-8.973077	-7.185486	0.361538	-1.96836	0.124587	0.04	0.03	0.05	0.75	NA	NA	NA	NA	NA	NA	NA	NA	-0.1130428	-0.1633802	0.001537	0.0022505
ss	0.7	0.3	-0.075	0.015556	16.58333	17.86746	14.13462	15.35897	25	-1.284124	-8.416667	-7.132542	2.448718	-2.508483	15.64815	14.3905	16.12963	15.88889	12	1.25765	3.648148	2.390498	-0.481481	1.498391	0.143277	0.055	0.039375	0.08	0.715909	0.020216	0.019897	33.9894	32.1894	0.0159054	0.000319	0.05441151	1.8	-0.5662767	-0.6478571	0.00728414	0.00851731
ss	0.625	0.375	-0.0875	0.008344	11.73846	13.16549	7.953846	9.846154	19	-1.427034	-7.261538	-5.834505	3.784615	-3.319341	10.63333	11.123	7.866667	9.25	12	-0.489671	-1.366667	-0.876995	2.766667	-1.873005	0.149597	0.035	0.029375	0.0425	0.839286	0.0198594	0.0184564	30.185	29.9333	0.07326625	0.001403	0.008373539	0.2517	-0.3162304	-0.3100014	0.00351625	0.00348738
ss	0.725	0.275	0.5625	0.313187	13.69359	16.45687	15.07564	14.38462	27	-2.763279	-13.30641	-10.54313	-1.382051	-2.072253	10.91133	9.166904	11.51724	11.21429	12	1.744426	-1.08867	-2.833096	-0.605911	2.047382	0.140081	0.08625	0.035625	0.1425	0.413043	0.0214758	0.00653379	50.0776	20.6455	1.18994	0.01494201	0.8860764	29.4321	-0.253914	-0.3993979	0.00247816	0.00425606
ss	1	0	0.9875	0.963878	16.05769	16.92706	18.66026	17.35897	17	-0.869373	-0.942308	-0.072935	-2.602564	0.431909	16.05769	16.92706	18.66026	17.35897	17	-0.869373	-0.942308	-0.072935	-2.602564	0.431909	0.172026	0.04875	0.03875	0.06375	0.794872	NA	NA	NA	NA	NA	NA	NA	NA	-0.2548139	-0.4974104	0.0042902	0.0101493
ss	1	0	0	NA	27.63846	26.09589	22.20769	24.92308	32	1.542569	-4.361538	-5.904108	5.430769	-1.172815	27.63846	26.09589	22.20769	24.92308	32	1.542569	-4.361538	-5.904108	5.430769	-1.172815	0.188007	0.04375	0.03375	0.05875	0.771429	NA	NA	NA	NA	NA	NA	NA	NA	-0.690842	-0.7918704	0.00688243	0.0085536
ss	0.125	0.125	0.125	0.086957	11.52692	17.86746	17.85769	14.69231	27	-6.340535	-15.47308	-9.132542	-6.330769	-3.17515	12.8	11.04	13.2	13	5	1.76	7.8	6.04	-0.4	1.96	0.190599	0.04	0.034375	0.05125	0.859375	0.0295229	0.01637	45.7	35.1202	0.5897158	0.0131529	0.2633218	10.5798	-0.4110838	-0.7746717	0.0063979	0.0153652
ss	1	0	0	NA	14.28333	17.16216	13.25513	13.76923	21	-2.87883	-6.716667	-3.837837	1.028205	-3.392932	14.28333	17.16216	13.25513	13.76923	21	-2.87883	-6.716667	-3.837837	1.028205	-3.392932	0.182295	0.04375	0.038125	0.055	0.871429	NA	NA	NA	NA	NA	NA	NA	NA	-0.7707118	-0.6382837	0.01149223	0.0092618
ss	0	0	0	NA	23.9718	23.50981	29.25897	26.61538	17	0.461982	6.971795	6.509813	-5.287179	3.105572	NA	NA	NA	NA	NA	NA	NA	NA	NA	NA	0.206761	0.04	0.034375	0.05125	0.859375	NA	NA	NA	NA	NA	NA	NA	NA	0.09745337	-0.1709373	0.00089607	0.00185427
ss	1	0	0	NA	14.05	12.4602	7.847436	10.94872	8	1.589799	6.05	4.460201	6.202564	-1.511483	14.05	12.4602	7.847436	10.94872	8	1.589799	6.05	4.460201	6.202564	-1.511483	0.120786	0.06625	0.050625	0.0975	0.764151	NA	NA	NA	NA	NA	NA	NA	NA	-0.3316123	-0.3987696	0.00319083	0.0038623
ss	0.65	0.35	0.6375	0.518519	16.52308	18.80785	9.835897	13.17949	21	-2.284773	-4.476923	-2.19215	6.687179	-5.628363	15.09539	17.55784	10.82461	12.96	17	-2.46246	-1.904615	0.557844	4.270769	-4.597844	0.135645	0.055	0.039375	0.08	0.715909	0.0120406	0.0261001	30.9631	41.8132	-0.7736549	0.0140595	-0.3004159	10.8501	-0.4821213	-0.5617143	0.00324537	0.00391005
ss	1	0	0	NA	11.7141	20.92373	12.13205	11.92308	38	-9.209631	-26.2859	-17.07627	-0.417949	-9.000656	11.7141	20.92373	12.13205	11.92308	38	-9.209631	-26.2859	-17.07627	-0.417949	-9.000656	0.092224	0.03625	0.030625	0.04375	0.844828	NA	NA	NA	NA	NA	NA	NA	NA	0.1966989	-0.1166294	0.00203459	0.001446
ss	0.875	0.125	-0.125	0.086957	9.774359	12.2251	13.40513	11.58974	26	-2.450744	-16.22564	-13.7749	-3.630769	-0.635359	9.236975	10.92708	13.05714	11.14706	20	-1.690103	-10.76303	-9.072922	-3.820168	0.219981	0.102379	0.04875	0.033125	0.0675	0.679487	NA	NA	34.842	102.2	NA	NA	-1.076108	67.358	-0.6035608	-0.5665648	0.0103811	0.0091722
ss	1	0	1	1	8.546154	9.403925	6.120513	7.333333	14	-0.857771	-5.453846	-4.596075	2.425641	-2.070592	8.546154	9.403925	6.120513	7.333333	14	-0.857771	-5.453846	-4.596075	2.425641	-2.070592	0.167514	0.05625	0.04625	0.07125	0.822222	NA	NA	NA	NA	NA	NA	NA	NA	-0.3026641	-0.09492623	0.004106	0.0010093
ss	1	0	0	NA	19.23205	20.45354	14.76795	17	29	-1.221486	-9.767949	-8.546463	4.464103	-3.453537	19.23205	20.45354	14.76795	17	29	-1.221486	-9.767949	-8.546463	4.464103	-3.453537	0.121385	0.0325	0.03	0.0375	0.923077	NA	NA	NA	NA	NA	NA	NA	NA	-0.5131124	-0.4837671	0.00502841	0.00466611
ss	0.75	0.25	0.7375	0.631388	18.13462	19.04295	11.86538	15	23	-0.908333	-4.865385	-3.957052	6.269231	-4.042948	17.95632	16.40729	11.62988	14.7931	16	1.549033	1.956322	0.407289	6.326437	-1.614186	0.090231	0.0425	0.0325	0.0575	0.764706	0.0150206	0.0159588	34.5368	31.2111	-0.06058781	0.0009382	0.1012516	3.3257	-0.3903753	-0.6977478	0.00364993	0.00819866
ss	0.025	0.025	0.025	0.016807	18.07564	19.04295	19.00128	18.53846	23	-0.967307	-4.924359	-3.957052	-0.925641	-0.504487	NA	NA	NA	NA	NA	NA	NA	NA	NA	NA	0.211404	0.05125	0.04125	0.06625	0.804878	NA	NA	NA	NA	NA	NA	NA	NA	0.1228836	0.3220778	0.00118138	0.00275427
ss	0.8	0.2	0.8	0.727273	25.67692	20.68864	19.9641	22.82051	12	4.988288	13.67692	8.688635	5.712821	2.131878	24.98589	20.113	17.78831	21.3871	6	4.872883	18.98589	14.113	7.197581	1.274092	0.199802	0.0475	0.031875	0.06625	0.671053	0.0100985	0.0452118	24.3992	60.6607	-1.498971	0.0351133	-0.9107457	36.2615	-1.039848	-0.8363125	0.0107251	0.00710108
ss	0.9	0.1	0.9	0.857143	17.76923	16.69197	17.41026	17.58974	19	1.077264	-1.230769	-2.308033	0.358974	0.897777	17.33968	15.43366	16.14603	16.74286	14	1.906026	3.339683	1.433656	1.193651	1.309201	0.182833	0.05875	0.03625	0.08875	0.617021	0.0152736	0.0131883	34.5833	27.6667	0.1467958	0.0020853	0.2231414	6.9166	-0.5385404	-0.6882147	0.0075757	0.0110781
ss	1	0	0	NA	9.874359	17.63236	20.48462	15.17949	35	-7.758001	-25.12564	-17.36764	-10.61026	-2.452872	9.874359	17.63236	20.48462	15.17949	35	-7.758001	-25.12564	-17.36764	-10.61026	-2.452872	0.09513	0.03625	0.030625	0.0475	0.844828	NA	NA	NA	NA	NA	NA	NA	NA	-1.01496	-0.9492451	0.0181335	0.0156195
ss	0.975	0.025	0.9	0.768	15.03077	13.63569	12.45641	13.74359	14	1.395078	1.030769	-0.364309	2.574359	0.107898	14.90688	13.48186	10.46154	12.68421	14	1.425019	0.906883	-0.518136	4.445344	-0.797653	0.223487	0.09	0.039375	0.135	0.4375	NA	NA	NA	NA	NA	NA	NA	NA	-0.1005056	0.3064738	0.0012795	0.00312687
ss	0.975	0.025	0.9375	0.858974	20.89359	18.80785	26.33718	23.61538	18	2.08574	2.89359	0.80785	-5.44359	4.807534	20.79622	17.73929	24.30904	22.55263	14	3.056927	6.796221	3.739295	-3.512821	4.813337	0.173524	0.0575	0.041875	0.0825	0.728261	NA	NA	NA	NA	NA	NA	NA	NA	-0.2690562	-0.2617876	0.00289673	0.00288561
ss	0.95	0.05	0.925	0.8575	13.58205	13.40059	15.34103	14.46154	19	0.181458	-5.417949	-5.599407	-1.758974	1.060945	13.47511	13.09029	13.38976	13.43243	18	0.384812	-4.524893	-4.909706	0.085349	0.342138	0.249839	0.0575	0.041875	0.0825	0.728261	0.0226506	0.0763835	31.5164	114	-1.21558	0.0537329	-1.28569	82.4836	-0.5776451	-0.5188657	0.0119446	0.0113083
ss	0.975	0.025	0.9625	0.926875	9.160256	7.993336	9.660256	9.410256	8	1.16692	1.160256	-0.006664	-0.5	1.41692	9.082321	7.095718	7.707152	8.394737	5	1.986603	4.082321	2.095718	1.375169	1.299019	0.263719	0.125	0.074375	0.20375	0.595	NA	NA	NA	NA	NA	NA	NA	NA	-0.4126202	-0.2514398	0.0063662	0.0037233
ss	0.075	0.075	0.075	0.051282	26.5141	24.21511	27.38333	26.94872	27	2.298996	-0.485897	-2.784893	-0.869231	2.733611	13.33333	13.33333	13.66667	13.5	13	0	0.333333	0.333333	-0.333333	0.166667	0.2516	0.03875	0.033125	0.04625	0.854839	0.0324785	0.00583134	116.833	28.7432	1.717332	0.02664716	1.402344	88.0898	-0.1882543	-0.1812491	0.00101557	0.00096772
ss	0.975	0.025	0.975	0.962963	12.22692	12.9304	13.26026	12.74359	19	-0.703474	-6.773077	-6.069603	-1.033333	-0.186807	11.79217	11.8262	9.62888	10.71053	16	-0.034024	-4.207827	-4.173803	2.163293	-1.11567	0.196269	0.15125	0.045625	0.265	0.301653	NA	NA	NA	NA	NA	NA	NA	NA	0.7472201	0.7246288	0.0113359	0.0110946
ss	1	0	0	NA	12.84872	14.34099	8.279487	10.5641	21	-1.492268	-8.151282	-6.659014	4.569231	-3.776883	12.84872	14.34099	8.279487	10.5641	21	-1.492268	-8.151282	-6.659014	4.569231	-3.776883	0.130539	0.04625	0.030625	0.065	0.662162	NA	NA	NA	NA	NA	NA	NA	NA	-0.1936049	-0.1518937	0.0029465	0.0021995
ss	1	0	0	NA	13.41026	11.51981	11.41026	12.41026	7	1.890448	6.410256	4.519808	2	0.890448	13.41026	11.51981	11.41026	12.41026	7	1.890448	6.410256	4.519808	2	0.890448	0.243012	0.06	0.0375	0.09	0.625	NA	NA	NA	NA	NA	NA	NA	NA	-0.7020302	-0.6567315	0.0137061	0.0119537
ss	0.975	0.025	0.95	0.893486	6.562821	5.877453	5.69359	6.128205	8	0.685367	-1.437179	-2.122547	0.869231	0.250752	6.458839	5.203526	3.804318	5.131579	6	1.255313	0.458839	-0.796474	2.654521	-0.071948	0.255459	0.12875	0.078125	0.21875	0.606796	NA	NA	NA	NA	NA	NA	NA	NA	0.3558623	0.1566779	0.00362521	0.0018367
ss	1	0	0.9875	0.963878	8.483333	7.52314	6.234615	7.358974	1	0.960193	7.483333	6.52314	2.248718	-0.164166	8.483333	7.52314	6.234615	7.358974	1	0.960193	7.483333	6.52314	2.248718	-0.164166	0.303684	0.19	0.0675	0.33	0.355263	NA	NA	NA	NA	NA	NA	NA	NA	0.1056695	0.4404577	0.0039566	0.0138111
ss	0.975	0.025	-0.025	0.016807	17.84615	16.45687	24.61538	21.23077	19	1.389285	-1.153846	-2.543131	-6.769231	4.7739	17.29285	15.61058	23.444	20.36842	16	1.682268	1.292848	-0.389421	-6.151147	4.757842	0.274908	0.06125	0.045625	0.0925	0.744898	NA	NA	NA	NA	NA	NA	NA	NA	-0.5466132	-0.5537256	0.0077695	0.0079694
ss	1	0	0	NA	21.20128	24.6853	15.56795	18.38462	31	-3.484021	-9.798718	-6.314697	5.633333	-6.300688	21.20128	24.6853	15.56795	18.38462	31	-3.484021	-9.798718	-6.314697	5.633333	-6.300688	0.105695	0.03625	0.030625	0.04375	0.844828	NA	NA	NA	NA	NA	NA	NA	NA	-0.7334585	-0.3976748	0.007259	0.00311978
ss	0.2	0.2	0.2	0.142857	23.01538	22.33432	28.06154	25.53846	23	0.681063	0.015385	-0.665678	-5.046154	3.20414	21.10714	18.12672	23.75	22.42857	3	2.980421	18.10714	15.12672	-2.642857	4.30185	0.315145	0.0425	0.036875	0.05375	0.867647	0.0396122	0.0103153	54.8036	40.1704	1.345509	0.0292969	0.3106255	14.6332	-0.4700475	-0.2985347	0.00420327	0.00214133
ss	0.1	0.1	0.1	0.068966	16.9	16.45687	13.76667	15.33333	19	0.443131	-2.1	-2.543131	3.133333	-1.123536	13.5	12.54546	11.16667	12.33333	10	0.954545	3.5	2.545455	2.333333	-0.212121	0.153877	0.0475	0.031875	0.06625	0.671053	0.00991394	0.00589136	31.3333	22.1444	0.520455	0.00402258	0.3470968	9.1889	-1.084153	-1.172185	0.00994154	0.01110882
ss	1	0	0	NA	9.664103	11.51981	9.105128	9.384615	18	-1.855706	-8.335897	-6.480192	0.558974	-2.135193	9.664103	11.51981	9.105128	9.384615	18	-1.855706	-8.335897	-6.480192	0.558974	-2.135193	0.158144	0.045	0.039375	0.05625	0.875	NA	NA	NA	NA	NA	NA	NA	NA	-0.8795852	-1.04681	0.0229887	0.0304593
ss	1	0	0.9375	0.844444	18.12436	14.34099	15.26026	16.69231	11	3.783373	7.124359	3.340986	2.864103	2.351322	18.12436	14.34099	15.26026	16.69231	11	3.783373	7.124359	3.340986	2.864103	2.351322	0.310622	0.065	0.0425	0.095	0.653846	NA	NA	NA	NA	NA	NA	NA	NA	0.6885405	0.3428523	0.00818981	0.0047922
ss	1	0	0	NA	15.46923	18.80785	27.91539	21.69231	20	-3.338619	-4.530769	-1.19215	-12.44615	2.884458	15.46923	18.80785	27.91539	21.69231	20	-3.338619	-4.530769	-1.19215	-12.44615	2.884458	0.279496	0.03875	0.033125	0.05	0.854839	NA	NA	NA	NA	NA	NA	NA	NA	-0.2287801	-0.1721835	0.0029961	0.0020621
ss	0.025	0.025	0.025	0.016807	14.44615	17.16216	8.733333	11.58974	25	-2.716009	-10.55385	-7.837837	5.712821	-5.57242	NA	NA	NA	NA	NA	NA	NA	NA	NA	NA	0.069741	0.035	0.029375	0.0425	0.839286	NA	NA	NA	NA	NA	NA	NA	NA	-0.7220359	-0.7982898	0.00837467	0.00981509
ss	0.875	0.125	0.1125	0.018229	15.08461	16.69197	14.04359	14.5641	23	-1.607352	-7.915385	-6.308033	1.041026	-2.127864	14.92101	15.05509	12.8437	13.88235	20	-0.134076	-5.078992	-4.944915	2.077311	-1.172732	0.18782	0.04	0.03	0.05	0.75	0.0082054	0.0463336	23.042	63.65	-1.731075	0.0381282	-1.016081	40.608	-0.1779841	-0.5098495	0.00118608	0.00430133
ss	0.325	0.325	0.325	0.242991	12.24615	14.81118	9.087179	10.66667	18	-2.565028	-5.753846	-3.188818	3.158974	-4.144515	7.230769	7.411679	14.76923	11	1	-0.180909	6.230769	6.411679	-7.538462	3.588321	0.086439	0.045	0.029375	0.0575	0.652778	0.0210477	0.00564526	49.5385	22.3447	1.315975	0.01540244	0.796161	27.1938	-1.263972	-1.197582	0.00992448	0.00897126
ss	1	0	0	NA	20.66667	18.80785	14	17.33333	20	1.858817	0.666667	-1.19215	6.666667	-1.474517	20.66667	18.80785	14	17.33333	20	1.858817	0.666667	-1.19215	6.666667	-1.474517	0.189431	0.04125	0.035625	0.0525	0.863636	NA	NA	NA	NA	NA	NA	NA	NA	-0.2949206	-0.4532897	0.0042247	0.0065777
ss	1	0	0	NA	14.13974	13.63569	15.96282	15.05128	12	0.504052	2.139744	1.635691	-1.823077	1.415591	14.13974	13.63569	15.96282	15.05128	12	0.504052	2.139744	1.635691	-1.823077	1.415591	0.193316	0.0725	0.05	0.1175	0.689655	NA	NA	NA	NA	NA	NA	NA	NA	-0.2900986	-0.4527805	0.003954	0.0066019
ss	0.35	0.35	0.15	0.062222	26.01795	25.3906	15.93077	20.97436	29	0.627351	-2.982051	-3.609402	10.08718	-4.416239	13.26374	16.35151	23.50549	18.38462	14	-3.087777	-0.736264	2.351513	-10.24176	2.033102	0.141185	0.0425	0.0325	0.0575	0.764706	0.0233521	0.0087599	77.1484	30.5185	0.9805024	0.0145922	0.9273978	46.6299	-0.3154361	-0.5644508	0.0020832	0.00400109
ss	0.05	0.05	0.05	0.033898	20.8359	27.03628	40.08718	30.46154	26	-6.200387	-5.164103	1.036285	-19.25128	3.425254	NA	NA	NA	NA	NA	NA	NA	NA	NA	NA	0.314077	0.0425	0.0325	0.0575	0.764706	0.326447	0.00836428	200	29.0128	3.664297	0.3180827	1.93058	170.9872	-1.206259	-1.046039	0.01972611	0.01509768
ss	1	0	1	1	15.0141	12.2251	8.421795	11.71795	7	2.789	8.014103	5.225103	6.592308	-0.507154	15.0141	12.2251	8.421795	11.71795	7	2.789	8.014103	5.225103	6.592308	-0.507154	0.168959	0.0725	0.056875	0.10375	0.784483	NA	NA	NA	NA	NA	NA	NA	NA	-0.3014132	-0.5054592	0.00322857	0.00649019
ss	0.125	0.125	0.125	0.086957	11.08974	11.75491	6.858974	8.974359	16	-0.665163	-4.910256	-4.245094	4.230769	-2.780547	0.6	0.48	0.4	0.5	0	0.12	0.6	0.48	0.2	0.02	0.090108	0.04375	0.038125	0.055	0.871429	0.106316	0.00835681	153.5	20.937	2.543339	0.09795919	1.992183	132.563	-0.8597546	-0.4034893	0.01004763	0.00314676
ss	1	0	0	NA	13.8859	15.51648	16.52436	15.20513	21	-1.630579	-7.114103	-5.483524	-2.638462	-0.311348	13.8859	15.51648	16.52436	15.20513	21	-1.630579	-7.114103	-5.483524	-2.638462	-0.311348	0.167405	0.0425	0.0325	0.0575	0.764706	NA	NA	NA	NA	NA	NA	NA	NA	-0.667437	-0.7059878	0.0107891	0.0120894
ss	0.075	0.075	-0.05	0.023005	14.18462	15.51648	11.35385	12.76923	21	-1.331861	-6.815385	-5.483524	2.830769	-2.747246	10	10	11	10.5	9	0	1	1	-1	0.5	0.115074	0.06	0.0375	0.0975	0.625	0.0269498	0.0130522	54.1667	28.9557	0.7250192	0.0138976	0.6262993	25.211	-0.3776756	-0.1159359	0.00440429	0.00110974
ss	0.725	0.275	0.575	0.328496	12.31154	13.63569	12.45769	12.38462	17	-1.324153	-4.688462	-3.364309	-0.146154	-1.251076	9.960591	11.20399	11.32512	10.64286	17	-1.243403	-7.039409	-5.796006	-1.364532	-0.561137	0.108282	0.0475	0.041875	0.05875	0.881579	0.0175981	0.0453163	31.2463	44.4182	-0.9458758	0.0277182	-0.3517483	13.1719	-0.5696992	-0.6135275	0.0075387	0.00834258
ss	1	0	0	NA	11.81154	16.69197	25.16282	18.48718	15	-4.880429	-3.188462	1.691967	-13.35128	1.795212	11.81154	16.69197	25.16282	18.48718	15	-4.880429	-3.188462	1.691967	-13.35128	1.795212	0.308936	0.085	0.034375	0.13	0.404412	NA	NA	NA	NA	NA	NA	NA	NA	-0.4323752	-0.5861589	0.010003	0.0154699
ss	0.875	0.125	0.8625	0.787698	13.10769	18.10256	18.78974	15.94872	30	-4.994863	-16.89231	-11.89744	-5.682051	-2.153838	10.87059	11.65555	12.24706	11.55882	11	-0.784961	-0.129412	0.655549	-1.376471	-0.096726	0.169913	0.0675	0.036875	0.09375	0.546296	0.00950386	0.0300527	38.6756	29.6	-1.151254	0.02054884	0.2674345	9.0756	0.01989344	0.06146841	0.00010707	0.00031216
ss	1	0	0	NA	5.262821	8.228434	18.58333	11.92308	16	-2.965614	-10.73718	-7.771566	-13.32051	3.694642	5.262821	8.228434	18.58333	11.92308	16	-2.965614	-10.73718	-7.771566	-13.32051	3.694642	0.076869	0.08375	0.053125	0.13625	0.634328	NA	NA	NA	NA	NA	NA	NA	NA	0.07626408	0.05474797	0.0011644	0.0008342
ss	0.1	0.1	0.1	0.068966	15.93333	22.09922	10.8359	13.38462	41	-6.165891	-25.06667	-18.90078	5.097436	-8.714609	0.5	0.545455	0.166667	0.333333	1	-0.045455	-0.5	-0.454545	0.333333	-0.212121	0.064663	0.03875	0.033125	0.04625	0.854839	0.120854	0.00565388	166.25	21.1619	3.062241	0.1152001	2.06129	145.0881	-1.183275	-1.356871	0.01255401	0.01657598
ss	0.05	0.05	0.05	0.033898	13.60385	15.28138	13.62692	13.61538	22	-1.677532	-8.396154	-6.718622	-0.023077	-1.665994	NA	NA	NA	NA	NA	NA	NA	NA	NA	NA	0.262485	0.055	0.039375	0.08	0.715909	0.106358	0.0159111	125.5	41.9317	1.899794	0.0904469	1.096264	83.5683	-0.2240736	-0.2582436	0.0034768	0.0040639
ss	0	0	0	NA	21.20769	21.62903	22.89487	22.05128	25	-0.421335	-3.792308	-3.370972	-1.687179	0.422254	NA	NA	NA	NA	NA	NA	NA	NA	NA	NA	0.199162	0.0625	0.046875	0.0875	0.75	NA	NA	NA	NA	NA	NA	NA	NA	-0.08532282	-0.4366836	0.00058666	0.00385686
ss	0.025	0.025	0.025	0.016807	12.25	15.28138	9.032051	10.64103	26	-3.031378	-13.75	-10.71862	3.217949	-4.640353	NA	NA	NA	NA	NA	NA	NA	NA	NA	NA	0.105828	0.04875	0.03875	0.06875	0.794872	NA	NA	NA	NA	NA	NA	NA	NA	-0.9692702	-0.7773709	0.0173531	0.01137715
ss	0.55	0.45	0.55	0.44898	6.529487	8.933729	1.932051	4.230769	14	-2.404242	-7.470513	-5.066271	4.597436	-4.70296	5.311688	5.212107	2.78355	4.047619	6	0.099581	-0.688312	-0.787893	2.528139	-1.164488	0.081941	0.05125	0.04125	0.06625	0.804878	0.0147903	0.0210784	30.6818	43.8693	-0.3542773	0.0062881	-0.3575451	13.1875	-1.192529	-0.9408469	0.01866642	0.01201328
ss	0.125	0.125	0	0.00381	18.66154	18.33765	16.9282	17.79487	21	0.323885	-2.338462	-2.662346	1.733333	-0.542782	12.6	11.52	14.4	13.5	7	1.08	5.6	4.52	-1.8	1.98	0.184002	0.05375	0.038125	0.07875	0.709302	0.0513249	0.0107761	56.2	32.2193	1.560845	0.0405488	0.5563511	23.9807	-0.4606799	-0.3936158	0.00456009	0.00375363
ss	0.575	0.425	0	0.00682	16.46154	19.74824	15.94872	16.20513	24	-3.286704	-7.538462	-4.251757	0.512821	-3.543114	14.94862	15.71469	13.41502	14.18182	21	-0.766077	-6.051383	-5.285306	1.533597	-1.532876	0.115822	0.0525	0.0425	0.0725	0.809524	0.0102452	0.0160183	33.7312	31.5184	-0.4469225	0.0057731	0.06785172	2.2128	-0.3706291	-0.09939396	0.00175123	0.00038647
ss	0.775	0.225	0.775	0.696629	19.96282	19.74824	21.42179	20.69231	21	0.214578	-1.037179	-1.251757	-1.458974	0.944065	19.32043	13.51694	20.67957	20	4	5.80349	15.32043	9.51694	-1.35914	6.48306	0.282901	0.11375	0.05125	0.18875	0.450549	0.027552	0.0520247	60.9806	61.3611	-0.6356435	0.0244727	-0.006220303	0.3805	0.03829028	-0.06694308	0.0004662	0.0008854
ss	0.9	0.1	0.85	0.73	9.224359	9.639023	8.878205	9.051282	7	-0.414664	2.224359	2.639023	0.346154	-0.587741	8.665079	8.681432	7.620635	8.142857	7	-0.016352	1.665079	1.681432	1.044444	-0.538575	0.156804	0.07625	0.05375	0.11375	0.704918	0.0254228	0.0826875	34.6421	53.5	-1.179422	0.0572647	-0.4346119	18.8579	0.01381178	-0.352667	0.0002261	0.0074033
ss	1	0	0	NA	7.310256	10.34432	4.279487	5.794872	14	-3.034061	-6.689744	-3.655682	3.030769	-4.549446	7.310256	10.34432	4.279487	5.794872	14	-3.034061	-6.689744	-3.655682	3.030769	-4.549446	0.040071	0.04625	0.03625	0.06125	0.783784	NA	NA	NA	NA	NA	NA	NA	NA	-0.1516908	-0.2759704	0.0037698	0.0074291
ss	1	0	0	NA	12.63205	15.75157	7.008974	9.820513	20	-3.119523	-7.367949	-4.248426	5.623077	-5.931062	12.63205	15.75157	7.008974	9.820513	20	-3.119523	-7.367949	-4.248426	5.623077	-5.931062	0.108978	0.0425	0.036875	0.05375	0.867647	NA	NA	NA	NA	NA	NA	NA	NA	-0.6487418	-0.376017	0.00711645	0.00349605
ss	1	0	0	NA	14.67051	13.87079	11.32949	13	13	0.799723	1.670513	0.870789	3.341026	-0.870789	14.67051	13.87079	11.32949	13	13	0.799723	1.670513	0.870789	3.341026	-0.870789	0.158776	0.0575	0.041875	0.0825	0.728261	NA	NA	NA	NA	NA	NA	NA	NA	-0.1926563	0.0836673	0.0031033	0.0011044
ss	0.95	0.05	0.9375	0.890788	15.75897	17.63236	23.7282	19.74359	17	-1.873385	-1.241026	0.632359	-7.969231	2.11123	14.9303	16.42237	22.47511	18.7027	12	-1.49207	2.930299	4.422369	-7.544808	2.280334	0.252779	0.05375	0.04375	0.06875	0.813953	0.01218	0.000521841	43.9723	3	3.150188	0.01165816	2.684948	40.9723	0.3783031	0.2957864	0.00321872	0.00259769
ss	1	0	1	1	12.70256	16.45687	12.73333	12.71795	26	-3.754305	-13.29744	-9.543131	-0.030769	-3.73892	12.70256	16.45687	12.73333	12.71795	26	-3.754305	-13.29744	-9.543131	-0.030769	-3.73892	0.12021	0.055	0.039375	0.08	0.715909	NA	NA	NA	NA	NA	NA	NA	NA	-1.090824	-0.7288413	0.0220739	0.0117219
ss	0.025	0.025	0.025	0.016807	9.697436	14.57608	3.94359	6.820513	24	-4.878648	-14.30256	-9.423916	5.753846	-7.755571	NA	NA	NA	NA	NA	NA	NA	NA	NA	NA	0.049726	0.0575	0.041875	0.0825	0.728261	NA	NA	NA	NA	NA	NA	NA	NA	-0.5043462	-0.9129649	0.00628333	0.0151403
ss	0.9	0.1	0.8875	0.821231	21.05513	20.68864	17.66282	19.35897	27	0.366493	-5.944872	-6.311365	3.392308	-1.329661	20.77619	19.05092	16.08095	18.42857	22	1.725271	-1.22381	-2.94908	4.695238	-0.622348	0.141211	0.055	0.045	0.075	0.818182	0.00867772	0.0132146	31.7556	31.25	-0.4205635	0.00453688	0.01604971	0.5056	-0.4433059	-0.4872548	0.00332262	0.00371603
ss	1	0	0	NA	13.03333	18.33765	9.941026	11.48718	32	-5.304321	-18.96667	-13.66235	3.092308	-6.850474	13.03333	18.33765	9.941026	11.48718	32	-5.304321	-18.96667	-13.66235	3.092308	-6.850474	0.138426	0.03875	0.02875	0.04875	0.741935	NA	NA	NA	NA	NA	NA	NA	NA	-0.7183758	-0.5034186	0.00773507	0.00481221
ss	1	0	0	NA	11.99103	17.86746	3.957692	7.974359	39	-5.876432	-27.00897	-21.13254	8.033333	-9.893099	11.99103	17.86746	3.957692	7.974359	39	-5.876432	-27.00897	-21.13254	8.033333	-9.893099	0.090299	0.03375	0.028125	0.04125	0.833333	NA	NA	NA	NA	NA	NA	NA	NA	-0.4651651	-0.5153249	0.00523702	0.00597569
ss	0.95	0.05	0.925	0.8575	11.47308	14.34099	13.39872	12.4359	17	-2.867909	-5.526923	-2.659014	-1.925641	-1.905088	10.1266	11.90027	12.41394	11.27027	17	-1.773667	-6.8734	-5.099732	-2.28734	-0.629997	0.195827	0.08375	0.033125	0.12875	0.395522	0.0139522	0.0577713	34.2212	132	-1.420855	0.0438191	-1.349957	97.7788	0.2552938	0.03842511	0.00220752	0.00038829
ss	1	0	0	NA	16.37308	19.27805	15.57564	15.97436	33	-2.904969	-16.62692	-13.72195	0.797436	-3.303687	16.37308	19.27805	15.57564	15.97436	33	-2.904969	-16.62692	-13.72195	0.797436	-3.303687	0.118681	0.0425	0.0325	0.0575	0.764706	NA	NA	NA	NA	NA	NA	NA	NA	-0.3346982	-0.1354986	0.0054115	0.001916
ss	0.825	0.175	0.0625	0.005728	10.35769	12.9304	13.3859	11.8718	15	-2.572705	-4.642308	-2.069603	-3.028205	-1.058602	6.727273	8.131093	9.147727	7.9375	13	-1.40382	-6.272727	-4.868907	-2.420455	-0.193593	0.199987	0.065	0.0425	0.095	0.653846	0.0235713	0.0304008	48.6316	56.7381	-0.2544391	0.0068295	-0.1541724	8.1065	-0.1124653	0.06215086	0.0017728	0.0009557
ss	0.15	0.15	0.0625	0.035945	14.9359	17.63236	18.5	16.71795	23	-2.696462	-8.064103	-5.367641	-3.564103	-0.914411	7.133333	6.131387	7.666667	7.4	2	1.001946	5.133333	4.131387	-0.533333	1.268613	0.146384	0.04125	0.035625	0.0525	0.863636	NA	NA	114.333	27.2415	NA	NA	1.434374	87.0915	-0.2185161	-0.4631508	0.00166722	0.00425733
ss	1	0	0	NA	10.04744	11.75491	13.69615	11.8718	21	-1.70747	-10.95256	-9.245094	-3.648718	0.116889	10.04744	11.75491	13.69615	11.8718	21	-1.70747	-10.95256	-9.245094	-3.648718	0.116889	0.160239	0.1	0.024375	0.14125	0.24375	NA	NA	NA	NA	NA	NA	NA	NA	-0.1372847	-0.1178349	0.0032759	0.002784
ss	0.075	0.075	0.0375	0.026316	10.25	13.16549	3.237179	6.74359	22	-2.915495	-11.75	-8.834505	7.012821	-6.421905	5.333333	5.333333	5.666667	5.5	5	0	0.333333	0.333333	-0.333333	0.166667	0.107941	0.04125	0.03125	0.05125	0.757576	0.197096	0.0110825	140.333	21.1952	2.878324	0.1860135	1.890243	119.1378	-0.8570216	-0.6475522	0.0140395	0.0093689
ss	0.075	0.075	0.0125	0.002232	16.31154	15.28138	12.56026	14.4359	19	1.03016	-2.688462	-3.718622	3.751282	-0.845481	0	0	0	0	0	0	0	0	0	0	0.175862	0.035	0.029375	0.0425	0.839286	0.111552	0.0110241	159.5	22.1359	2.314407	0.1005279	1.974843	137.3641	-0.2351185	-0.3739038	0.00261319	0.00451673
ss	1	0	1	1	13.35128	13.40059	15.57179	14.46154	17	-0.049311	-3.648718	-3.599407	-2.220513	1.060945	13.35128	13.40059	15.57179	14.46154	17	-0.049311	-3.648718	-3.599407	-2.220513	1.060945	0.183766	0.09875	0.023125	0.12625	0.234177	NA	NA	NA	NA	NA	NA	NA	NA	-0.05658277	-0.3155308	0.0004714	0.00334097
ss	0.35	0.35	0.3125	0.186179	12.7641	15.51648	14.00513	13.38462	27	-2.752374	-14.2359	-11.48352	-1.241026	-2.131861	12.14286	11.63473	11.7033	11.92308	14	0.508126	-1.857143	-2.365269	0.43956	0.288346	0.104903	0.03125	0.02875	0.03625	0.92	0.0188005	0.0176464	38.2198	35.9615	0.06335167	0.0011541	0.06090478	2.2583	-0.6496908	-1.000179	0.0085168	0.01654742
ss	0.925	0.075	0.9125	0.855584	6.851282	9.639023	7.405128	7.128205	14	-2.787741	-7.148718	-4.360977	-0.553846	-2.510818	6.576577	9.102757	5.812312	6.194444	13	-2.526181	-6.423423	-3.897243	0.764264	-2.908313	0.106069	0.09125	0.040625	0.1475	0.445205	0.0237921	0.0279617	42.235	50.3333	-0.1614821	0.0041696	-0.1754176	8.0983	0.01534551	0.06943386	0.0002738	0.0011802
ss	0.125	0.125	0.125	0.086957	12.12949	16.22177	4.434615	8.282051	26	-4.092284	-13.87051	-9.778229	7.694872	-7.939719	11.2	9.6	11.3	11.25	4	1.6	7.2	5.6	-0.1	1.65	0.089126	0.03625	0.030625	0.04375	0.844828	0.0410784	0.0111385	51.6	28.2824	1.305075	0.0299399	0.601282	23.3176	-0.7650599	-0.8896832	0.01049508	0.01262845
ss	1	0	0	NA	17.83718	20.45354	13.18846	15.51282	30	-2.616358	-12.16282	-9.546463	4.648718	-4.940717	17.83718	20.45354	13.18846	15.51282	30	-2.616358	-12.16282	-9.546463	4.648718	-4.940717	0.145151	0.03875	0.033125	0.05	0.854839	NA	NA	NA	NA	NA	NA	NA	NA	-0.2809541	-0.2645573	0.00279042	0.00264719
ss	1	0	0	NA	4.570513	7.993336	6.25	5.410256	12	-3.422823	-7.429487	-4.006664	-1.679487	-2.58308	4.570513	7.993336	6.25	5.410256	12	-3.422823	-7.429487	-4.006664	-1.679487	-2.58308	0.034134	0.06625	0.04375	0.10375	0.660377	NA	NA	NA	NA	NA	NA	NA	NA	-0.3797064	-0.1899081	0.0108633	0.0048636
ss	1	0	0	NA	17.14103	17.16216	12.60256	14.8718	14	-0.021138	3.141026	3.162163	4.538462	-2.290368	17.14103	17.16216	12.60256	14.8718	14	-0.021138	3.141026	3.162163	4.538462	-2.290368	0.106304	0.0525	0.0425	0.0725	0.809524	NA	NA	NA	NA	NA	NA	NA	NA	-0.5509649	-0.6891607	0.00701895	0.00974706
ss	1	0	0	NA	23.98205	23.27472	24.53077	24.25641	24	0.707337	-0.017949	-0.725285	-0.548718	0.981696	23.98205	23.27472	24.53077	24.25641	24	0.707337	-0.017949	-0.725285	-0.548718	0.981696	0.213777	0.04	0.034375	0.05125	0.859375	NA	NA	NA	NA	NA	NA	NA	NA	-0.2902451	-0.08159168	0.0037824	0.0009112
ss	1	0	0	NA	12.24359	14.57608	10.21795	11.23077	19	-2.332494	-6.75641	-4.423916	2.025641	-3.345315	12.24359	14.57608	10.21795	11.23077	19	-2.332494	-6.75641	-4.423916	2.025641	-3.345315	0.110813	0.0475	0.031875	0.06625	0.671053	NA	NA	NA	NA	NA	NA	NA	NA	-0.4969742	-0.3140046	0.0100081	0.0057436
ss	0.775	0.225	-0.0875	0.019	20.05256	16.92706	15.17821	17.61538	27	3.125499	-6.947436	-10.07293	4.874359	0.688319	17.80645	14.51819	13.46021	15.63333	15	3.288257	2.806452	-0.481806	4.346237	1.115139	0.242769	0.05875	0.03625	0.08875	0.617021	0.0134411	0.0421832	38.7839	66.7778	-1.143705	0.0287421	-0.5433655	27.9939	-0.6155869	-0.3737474	0.00641561	0.00331948
ss	0.4	0.4	0.4	0.307692	19.4359	20.68864	11.74359	15.58974	26	-1.252738	-6.564103	-5.311365	7.692308	-5.098892	16.39167	15.06828	14.14167	15.26667	12	1.323388	4.391667	3.068279	2.25	0.198388	0.126107	0.03625	0.030625	0.04375	0.844828	0.0133671	0.0110551	32.8083	31.1322	0.1899046	0.002312	0.05243888	1.6761	-0.7368859	-1.179105	0.00594644	0.01310925
ss	0.075	0.075	0.075	0.051282	21.54872	20.92373	19.98974	20.76923	20	0.624985	1.548718	0.923733	1.558974	-0.154503	6.666667	6.666667	8.333333	7.5	5	0	1.666667	1.666667	-1.666667	0.833333	0.208628	0.05125	0.04125	0.07125	0.804878	0.109062	0.00948384	92.6667	32.0833	2.442327	0.09957816	1.060674	60.5834	0.01333376	-0.262375	9.075e-05	0.00218337
ss	0.075	0.075	0.075	0.051282	13.50385	14.57608	9.316667	11.41026	22	-1.072238	-8.496154	-7.423916	4.187179	-3.165827	3.333333	3.333333	5.666667	4.5	1	0	2.333333	2.333333	-2.333333	1.166667	0.155866	0.045	0.039375	0.05625	0.875	0.159334	0.0132284	148.5	28.1562	2.488637	0.1461056	1.662817	120.3438	-0.3684836	-0.4587298	0.0052008	0.0069081
ss	0.95	0.05	0.95	0.926829	6.25641	5.642355	9.333333	7.794872	5	0.614055	1.25641	0.642355	-3.076923	2.152517	5.621622	4.760107	3.783784	4.702703	5	0.861515	0.621622	-0.239893	1.837838	-0.057404	0.099525	0.16	0.054375	0.27375	0.339844	0.0291487	0.261428	41.1081	174.5	-2.193749	0.2322793	-1.44572	133.3919	-0.1762258	0.06276564	0.0032603	0.0009506
ss	1	0	0	NA	9.261538	11.99	3.969231	6.615385	14	-2.728466	-4.738462	-2.009996	5.292308	-5.37462	9.261538	11.99	3.969231	6.615385	14	-2.728466	-4.738462	-2.009996	5.292308	-5.37462	0.064358	0.04625	0.03625	0.06125	0.783784	NA	NA	NA	NA	NA	NA	NA	NA	-0.07060946	-0.455732	0.000902	0.0073458
ss	0.975	0.025	-0.025	0.016807	9.017949	10.10922	16.00769	12.51282	9	-1.091271	0.017949	1.109219	-6.989744	2.403601	8.761134	9.697481	14.44939	11.60526	8	-0.936348	0.761134	1.697481	-5.688259	1.907782	0.195282	0.07	0.039375	0.105	0.5625	NA	NA	NA	NA	NA	NA	NA	NA	-0.6167862	-0.41036	0.0123469	0.0072068
ss	0.625	0.375	0.625	0.526316	30.02308	25.1555	19.41282	24.71795	30	4.867577	0.023077	-4.8445	10.61026	-0.437551	25.3	20.39218	26.45	25.875	9	4.907825	16.3	11.39217	-1.15	5.482825	0.198542	0.0525	0.03	0.075	0.571429	0.0159239	0.00824785	48.0217	37.0238	0.6578686	0.00767605	0.260092	10.9979	-0.8436291	-0.5810581	0.00706886	0.0037215
ss	0.15	0.15	-0.0875	0.010947	20.94744	24.21511	14.79615	17.87179	27	-3.267671	-6.052564	-2.784893	6.151282	-6.343312	14.8	14.0146	13.2	14	11	0.785401	3.8	3.014599	1.6	-0.014599	0.144122	0.03875	0.033125	0.04625	0.854839	0.0692429	0.00629126	53.0667	18.6569	2.398459	0.06295164	1.045334	34.4098	-1.178798	-0.7625277	0.01227297	0.00545689
ss	1	0	0.2	0.080529	15.00641	18.57275	6.480769	10.74359	32	-3.566342	-16.99359	-13.42725	8.525641	-7.829162	15.00641	18.57275	6.480769	10.74359	32	-3.566342	-16.99359	-13.42725	8.525641	-7.829162	0.080176	0.04125	0.03125	0.06125	0.757576	NA	NA	NA	NA	NA	NA	NA	NA	0.4396468	0.3384853	0.00421067	0.00339886
ss	0.9	0.1	0.8375	0.697129	8.814103	13.63569	5.698718	7.25641	20	-4.821589	-11.1859	-6.364309	3.115385	-6.379281	8.333333	11.33409	4.352381	6.342857	13	-3.000758	-4.666667	-1.665909	3.980952	-4.991234	0.051605	0.1	0.0375	0.15	0.375	0.0266678	0.0106589	37.1706	11.6667	0.9170616	0.0160089	1.158779	25.5039	-0.1404456	0.1284124	0.0031154	0.0022864
ss	0.85	0.15	0.85	0.790698	18.38462	17.86746	17.82051	18.10256	21	0.517158	-2.615385	-3.132542	0.564103	0.235106	17.99287	14.42967	13.27986	15.63636	8	3.563202	9.99287	6.429668	4.713012	1.206696	0.216989	0.055	0.045	0.07	0.818182	0.00621476	0.0383154	24.4135	28.3667	-1.818925	0.03210064	-0.1500797	3.9532	-0.1150836	-0.1972064	0.00045505	0.00082581
ss	0.075	0.075	0.0125	0.015625	21.93974	24.21511	19.03461	20.48718	34	-2.275363	-12.06026	-9.784893	2.905128	-3.727928	0.666667	0.666667	0.333333	0.5	1	0	-0.333333	-0.333333	0.333333	-0.166667	0.107756	0.04	0.034375	0.05125	0.859375	0.084395	0.0074	133.167	21.8724	2.434028	0.076995	1.806378	111.2946	-0.8571824	-1.170382	0.00968377	0.01653183
ss	1	0	1	1	19.38718	16.92706	21.74103	20.5641	15	2.460114	4.387179	1.927065	-2.353846	3.637037	19.38718	16.92706	21.74103	20.5641	15	2.460114	4.387179	1.927065	-2.353846	3.637037	0.205681	0.10375	0.06375	0.16375	0.614458	NA	NA	NA	NA	NA	NA	NA	NA	-0.01651642	-0.07906966	0.00015603	0.00081131
ss	0.925	0.075	0.925	0.891566	15.10769	16.45687	15.35385	15.23077	20	-1.349177	-4.892308	-3.543131	-0.246154	-1.2261	14.68468	14.61232	14.25976	14.47222	17	0.072363	-2.315315	-2.387679	0.424925	-0.140099	0.131639	0.04375	0.038125	0.055	0.871429	0.00971916	0.030925	26.2342	67.8333	-1.157466	0.02120584	-0.9499893	41.5991	-0.3452202	-0.5756437	0.00293985	0.00604142
ss	0.075	0.075	-0.025	0.006672	15.83333	24.6853	26.73077	21.28205	40	-8.85197	-24.16667	-15.3147	-10.89744	-3.403252	6.666667	6.666667	7.333333	7	6	0	0.666667	0.666667	-0.666667	0.333333	0.096333	0.0425	0.036875	0.05375	0.867647	0.0264585	0.0101074	94.1667	33.6231	0.9623096	0.0163511	1.029853	60.5436	-0.2182781	-0.1570486	0.001889	0.00126373
ss	1	0	0.0125	0.016807	10.9641	12.4602	8.215385	9.589744	12	-1.496098	-1.035897	0.460201	2.748718	-2.870457	10.9641	12.4602	8.215385	9.589744	12	-1.496098	-1.035897	0.460201	2.748718	-2.870457	0.180398	0.0575	0.0475	0.0775	0.826087	NA	NA	NA	NA	NA	NA	NA	NA	-0.4467325	-0.3997976	0.0100388	0.0083841
ss	0.05	0.05	0.05	0.033898	19.19744	21.86413	14.54615	16.87179	31	-2.66669	-11.80256	-9.135874	4.651282	-4.992331	NA	NA	NA	NA	NA	NA	NA	NA	NA	NA	0.149684	0.04625	0.030625	0.065	0.662162	0.0105624	0.0130647	28	39.0398	-0.2126134	0.0025023	-0.3323771	11.0398	0.5040769	0.182232	0.00406275	0.00180879
ss	0.2	0.2	0.2	0.142857	18.27692	19.04295	12.8	15.53846	23	-0.766025	-4.723077	-3.957052	5.476923	-3.504487	12.57143	8.484848	12.57143	12.57143	0	4.08658	12.57143	8.484848	0	4.08658	0.15048	0.04875	0.03875	0.06875	0.794872	0.0460201	0.00583682	86.7857	24.0565	2.064892	0.04018328	1.283037	62.7292	-0.6515685	-0.6210281	0.00413814	0.00386061
ss	0.975	0.025	0.9625	0.926875	10.29872	12.6953	28.82949	19.5641	11	-2.396581	-0.701282	1.695299	-18.53077	6.868804	9.336032	12.06272	27.87449	18.60526	19	-2.726688	-9.663968	-6.93728	-18.53846	6.542543	0.24939	0.09375	0.043125	0.15	0.46	NA	NA	NA	NA	NA	NA	NA	NA	0.4346537	0.396231	0.0066013	0.0064641
ss	0.25	0.25	0.0375	0.016726	14.52949	17.63236	11.36795	12.94872	23	-3.102872	-8.470513	-5.367641	3.161538	-4.683642	15.55556	13.43246	13.77778	14.66667	8	2.123097	7.555556	5.432459	1.777778	1.234208	0.082401	0.04375	0.03375	0.05875	0.771429	0.0293567	0.0125597	49.3778	26.0322	0.8490275	0.016797	0.6401667	23.3456	-1.048393	-0.6297387	0.01542204	0.00689647
ss	0.525	0.475	-0.325	0.122508	26.83333	25.86079	21.26923	24.05128	23	0.972539	3.833333	2.860794	5.564103	-1.809512	20.62857	18.34485	19.77143	20.2	17	2.28372	3.628571	1.344852	0.857143	1.855148	0.129664	0.0425	0.0325	0.0575	0.764706	0.0104027	0.0084041	45.2286	28.462	0.2133457	0.0019986	0.4631598	16.7666	-0.6926681	-0.8491768	0.00342072	0.00466402
ss	1	0	0	NA	6.124359	8.228434	8.183333	7.153846	11	-2.104075	-4.875641	-2.771566	-2.058974	-1.074588	6.124359	8.228434	8.183333	7.153846	11	-2.104075	-4.875641	-2.771566	-2.058974	-1.074588	0.088625	0.055	0.045	0.075	0.818182	NA	NA	NA	NA	NA	NA	NA	NA	0.06687361	0.01256572	0.0016807	0.0003353
ss	1	0	0	NA	11.54487	13.87079	11.78846	11.66667	16	-2.325918	-4.455128	-2.129211	-0.24359	-2.204123	11.54487	13.87079	11.78846	11.66667	16	-2.325918	-4.455128	-2.129211	-0.24359	-2.204123	0.183926	0.04875	0.033125	0.0675	0.679487	NA	NA	NA	NA	NA	NA	NA	NA	-0.1062548	-0.1943266	0.0014347	0.002759
ss	0.7	0.3	0.4875	0.236444	14.47051	16.92706	15.52949	15	29	-2.456552	-14.52949	-12.07293	-1.058974	-1.927065	12.37566	14.3905	13.69841	13.03704	18	-2.014836	-5.624339	-3.609502	-1.322751	-1.353461	0.126864	0.04	0.034375	0.05125	0.859375	0.0120974	0.0259756	30.6601	52.1439	-0.7641671	0.0138782	-0.5310451	21.4838	-0.4835751	0.03001656	0.00469266	0.00020027
