sclass	DAF_1	MAF_1	DDAF_1	FST_1	ThetaPi_1	ThetaS_1	ThetaH_1	ThetaL_1	ThetaXi_1	TajD_1	FuLiF_1	FuLiD_1	FayWuH_1	ZengE_1	Theta1Pi_1	Theta1S_1	Theta1H_1	Theta1L_1	Theta1Xi_1	TajD1_1	FuLiF1_1	FuLiD1_1	FayWuH1_1	ZengE1_1	ZA_1	H1_1	H2_1	H12_1	H2.H1_1	iHH1_1	iHH0_1	SL1_1	SL0_1	iHS_1	DiHH_1	nSL_1	DnSL_1	XPEHH_12	XPEHH_13	DXPEHH_12	DXPEHH_13
hs	0	0	0	NA	3.175641	7.993336	0.362821	1.769231	20	-4.817695	-16.824359	-12.006664	2.812821	-6.224106	NA	NA	NA	NA	NA	NA	NA	NA	NA	NA	0.093405	0.0725	0.041875	0.11625	0.577586	NA	NA	NA	NA	NA	NA	NA	NA	0.0174347657759	-0.178024956053	0.0007041	0.0077876
hs	0.975	0.025	0.1375	0.041779	4.461538	10.344318	20.974359	12.717949	21	-5.882779	-16.538462	-10.655682	-16.512821	2.373631	3.77058	8.514861	15.91363	9.842105	16	-4.744281	-12.22942	-7.485139	-12.14305	1.327244	0.197895	0.13	0.04	0.19	0.307692	NA	NA	NA	NA	NA	NA	NA	NA	0.588756737663	0.581178213325	0.0163105	0.0165154
hs	0.975	0.025	0.9625	0.926875	1.139744	4.466864	3.937179	2.538462	13	-3.327121	-11.860256	-8.533136	-2.797436	-1.928403	0.809717	2.838287	0.032389	0.421053	8	-2.028571	-7.190283	-5.161713	0.777328	-2.417235	0.112044	0.435	0.0125	0.5	0.028736	NA	NA	NA	NA	NA	NA	NA	NA	2.06630734255	1.98726267338	0.0713365	0.0687397
hs	0	0	0	NA	1.74359	4.937061	0.102564	0.923077	11	-3.193471	-9.25641	-6.062939	1.641026	-4.013984	NA	NA	NA	NA	NA	NA	NA	NA	NA	NA	0.026681	0.2275	0.025	0.3175	0.10989	NA	NA	NA	NA	NA	NA	NA	NA	-0.268807214322	-0.374583308292	0.0204258	0.0307881
hs	0	0	0	NA	2.805128	7.52314	3.65641	3.230769	16	-4.718012	-13.194872	-8.47686	-0.851282	-4.292371	NA	NA	NA	NA	NA	NA	NA	NA	NA	NA	0.173104	0.16375	0.023125	0.20125	0.141221	NA	NA	NA	NA	NA	NA	NA	NA	-0.186651093566	-0.120379313634	0.0091759	0.0057202
hs	0.075	0.075	0.075	0.051282	10.492308	13.400593	4.584615	7.538462	21	-2.908286	-10.507692	-7.599407	5.907692	-5.862132	0	0	0	0	0	0	0	0	0	0	0.084247	0.04125	0.035625	0.0525	0.863636	0.249097	0.00997914	200	19.9369	3.21734546457	0.23911786	2.3057450805	180.0631	-1.01718118665	-1.17697763166	0.01636397	0.02121087
hs	0.975	0.025	0.95	0.893486	1.874359	7.52314	9.612821	5.74359	25	-5.648781	-23.125641	-17.47686	-7.738462	-1.77955	0.952767	3.311335	1.889339	1.421053	11	-2.358568	-10.047233	-7.688665	-0.936572	-1.890282	0.365828	0.37375	0.01375	0.46375	0.036789	NA	NA	NA	NA	NA	NA	NA	NA	2.0335669548	1.85143640089	0.06481179	0.062448
hs	1	0	0.975	0.930403	2.019231	7.52314	19.570513	10.794872	16	-5.503909	-13.980769	-8.47686	-17.551282	3.271732	2.019231	7.52314	19.570513	10.794872	16	-5.503909	-13.980769	-8.47686	-17.551282	3.271732	0.430306	0.34625	0.015625	0.40375	0.045126	NA	NA	NA	NA	NA	NA	NA	NA	1.73093978261	1.41316229995	0.0475156	0.0425432
hs	1	0	0.975	0.930403	1.032051	3.526472	3.942308	2.487179	8	-2.494421	-6.967949	-4.473528	-2.910256	-1.039292	1.032051	3.526472	3.942308	2.487179	8	-2.494421	-6.967949	-4.473528	-2.910256	-1.039292	0.144074	0.35	0.019375	0.43625	0.055357	NA	NA	NA	NA	NA	NA	NA	NA	1.63640992751	1.61817383278	0.0567567	0.0565042
hs	0.05	0.05	0.05	0.033898	18.220513	19.278046	11.625641	14.923077	26	-1.057534	-7.779487	-6.721954	6.594872	-4.354969	NA	NA	NA	NA	NA	NA	NA	NA	NA	NA	0.109171	0.0425	0.0325	0.0575	0.764706	0.0102411	0.00617302	44	26.0263	0.506220852395	0.00406808	0.525082068696	17.9737	-0.515380231483	-0.711445014536	0.00367639	0.00575117
hs	0.925	0.075	0.85	0.714588	2.605128	7.993336	8.574359	5.589744	25	-5.388208	-22.394872	-17.006664	-5.969231	-2.403593	1.594595	5.74911	3.516517	2.555556	21	-4.154515	-19.405405	-15.25089	-1.921922	-3.193554	0.038636	0.28875	0.013125	0.34125	0.045455	0.0644872	0.0394869	112.209	60.1667	0.490497783165	0.0250003	0.623244160654	52.0423	0.769070868242	0.203229714322	0.0271863	0.0093219
hs	0.95	0.05	0.95	0.926829	3.684615	11.049612	24.212821	13.948718	25	-7.364997	-21.315385	-13.950388	-20.528205	2.899106	2.083926	6.188139	9.753912	5.918919	14	-4.104213	-11.916074	-7.811861	-7.669986	-0.26922	0.172359	0.19	0.03	0.27	0.157895	0.0753992	0.00667661	87.9459	8	2.42418629117	0.06872259	2.39728031102	79.9459	1.06801760643	1.35242057101	0.0380657	0.040949
hs	0	0	0	NA	1.901282	5.877453	0.098718	1	16	-3.976171	-14.098718	-10.122547	1.802564	-4.877453	NA	NA	NA	NA	NA	NA	NA	NA	NA	NA	0.043219	0.245	0.019375	0.2925	0.079082	NA	NA	NA	NA	NA	NA	NA	NA	-0.345917349338	-0.203776027102	0.019187	0.0104391
hs	0.95	0.05	0.95	0.926829	3.641026	12.225103	24.358974	14	29	-8.584077	-25.358974	-16.774897	-20.717949	1.774897	1.561878	5.950134	0.059744	0.810811	21	-4.388256	-19.438122	-15.049866	1.502134	-5.139323	0.195458	0.19625	0.015625	0.23875	0.079618	0.0611989	0.00340554	113.118	11	2.88872569816	0.05779336	2.33053624885	102.118	1.30412218786	1.5491203484	0.0367048	0.03520456
hs	0	0	0	NA	2.611538	5.877453	3.183333	2.897436	16	-3.265915	-13.388462	-10.122547	-0.571795	-2.980017	NA	NA	NA	NA	NA	NA	NA	NA	NA	NA	0.048873	0.21	0.029375	0.31625	0.139881	NA	NA	NA	NA	NA	NA	NA	NA	0.387053876529	0.266772099347	0.0174042	0.0128338
hs	0.95	0.05	0.325	0.122159	5.928205	15.986673	42.789744	24.358974	22	-10.058467	-16.071795	-6.013327	-36.861538	8.372302	2.593172	7.616171	3.83926	3.216216	21	-5.022999	-18.406828	-13.383829	-1.246088	-4.399955	0.38901	0.09375	0.043125	0.15	0.46	0.0303684	0.0436538	84.4545	150.5	-0.362887740524	0.0132854	-0.577750156387	66.0455	0.554489818544	0.351761164739	0.0098952	0.0074041
hs	0.65	0.35	0.075	0.067708	17.594872	21.158831	27.020513	22.307692	27	-3.56396	-9.405128	-5.841169	-9.425641	1.148861	4.498462	11.268467	18.861538	11.68	22	-6.770006	-17.501538	-10.731533	-14.363077	0.411533	0.241244	0.0525	0.03	0.075	0.571429	0.0377535	0.00931627	91.9308	30.011	1.39931585263	0.02843723	1.11947213899	61.9198	-0.232905859528	0.487193836248	0.0035786	0.00581706
hs	0.025	0.025	0.025	0.016807	17.357692	17.867458	11.719231	14.538462	23	-0.509765	-5.642308	-5.132542	5.638462	-3.328996	NA	NA	NA	NA	NA	NA	NA	NA	NA	NA	0.13815	0.0425	0.0325	0.0575	0.764706	NA	NA	NA	NA	NA	NA	NA	NA	-0.461305204418	-0.390788100917	0.00430621	0.00339508
hs	0.05	0.05	0.05	0.033898	19.680769	19.042948	14.011538	16.846154	19	0.637821	0.680769	0.042948	5.669231	-2.196794	NA	NA	NA	NA	NA	NA	NA	NA	NA	NA	0.125893	0.0375	0.031875	0.045	0.85	0.0311853	0.00899549	66	24.0683	1.24322348931	0.02218981	1.00875912006	41.9317	-0.427575043113	-0.597347715606	0.00449119	0.00717604
hs	0	0	0	NA	2.162821	6.582748	0.144872	1.153846	18	-4.419927	-15.837179	-11.417252	2.017949	-5.428901	NA	NA	NA	NA	NA	NA	NA	NA	NA	NA	0.056662	0.1	0.024375	0.1275	0.24375	NA	NA	NA	NA	NA	NA	NA	NA	0.0713243878036	0.00293671758544	0.0028625	0.0001214
hs	0	0	0	NA	2.29359	8.228434	5.962821	4.128205	26	-5.934845	-23.70641	-17.771566	-3.669231	-4.100229	NA	NA	NA	NA	NA	NA	NA	NA	NA	NA	0.118698	0.135	0.029375	0.2	0.217593	NA	NA	NA	NA	NA	NA	NA	NA	-0.0341102863775	0.129422811153	0.00123	0.0041235
hs	0	0	0	NA	3.020513	8.933729	0.158974	1.589744	20	-5.913216	-16.979487	-11.066271	2.861538	-7.343985	NA	NA	NA	NA	NA	NA	NA	NA	NA	NA	0.055774	0.06125	0.03875	0.09125	0.632653	NA	NA	NA	NA	NA	NA	NA	NA	-0.286134474377	-0.150880132787	0.0127033	0.0062873
hs	0.925	0.075	0.2875	0.120028	2.089744	5.877453	5.602564	3.846154	17	-3.78771	-14.910256	-11.122547	-3.512821	-2.031299	1.348348	2.874555	0.151652	0.75	7	-1.526207	-5.651652	-4.125445	1.196697	-2.124555	0.195539	0.24375	0.04125	0.37875	0.169231	0.0514831	0.00820872	89.6096	13.6667	1.8360565946	0.04327438	1.88050024004	75.9429	0.877821991097	0.770160035422	0.0253216	0.0230114
hs	0	0	0	NA	2.178205	5.642355	0.129487	1.153846	9	-3.46415	-6.821795	-3.357645	2.048718	-4.488509	NA	NA	NA	NA	NA	NA	NA	NA	NA	NA	0.002572	0.1075	0.031875	0.14875	0.296512	NA	NA	NA	NA	NA	NA	NA	NA	0.154568512395	0.0373958547436	0.0057481	0.0015079
hs	0.775	0.225	-0.0625	0.006494	5.517949	11.519808	19.302564	12.410256	27	-6.001859	-21.482051	-15.480192	-13.784615	0.890448	4.111828	8.760979	15.354839	9.733333	19	-4.649151	-14.888172	-10.239021	-11.243011	0.972354	0.142548	0.065	0.034375	0.1	0.528846	0.054404	0.0619516	77.9054	73.1806	-0.129915754451	0.0075476	0.0625649115959	4.7248	-0.130923003119	-0.213740103746	0.0046421	0.0079775
hs	0	0	0	NA	15.262821	20.688635	19.455128	17.358974	26	-5.425815	-10.737179	-5.311365	-4.192308	-3.329661	NA	NA	NA	NA	NA	NA	NA	NA	NA	NA	0.170737	0.06	0.029375	0.08625	0.489583	NA	NA	NA	NA	NA	NA	NA	NA	-0.133394485399	-0.317709835178	0.001746	0.0046954
hs	0.325	0.325	0.3	0.182857	15.99359	17.867458	18.724359	17.358974	23	-1.873868	-7.00641	-5.132542	-2.730769	-0.508483	3.128205	3.866963	2.538462	2.833333	7	-0.738758	-3.871795	-3.133037	0.589744	-1.033629	0.116284	0.04625	0.040625	0.0575	0.878378	0.0416397	0.00903995	95.3846	28.7593	1.52740039569	0.03259975	1.19895594665	66.6253	-0.326319906132	-0.462153231928	0.00247095	0.00380588
hs	0.075	0.075	0.075	0.051282	7.312821	10.109219	2.738462	5.025641	13	-2.796399	-5.687179	-2.890781	4.574359	-5.083578	2.666667	2.666667	2.333333	2.5	3	0	-0.333333	-0.333333	0.333333	-0.166667	0.045895	0.0575	0.026875	0.075	0.467391	0.0670346	0.0105441	117.167	21.8626	1.84964244222	0.0564905	1.67882285315	95.3044	-0.64233620306	-0.482840593375	0.00822363	0.00550522
hs	0.7	0.3	0.2	0.037896	13.061538	14.105888	30.323077	21.692308	12	-1.044349	1.061538	2.105888	-17.261538	7.58642	3.857143	6.938276	10.365079	7.111111	10	-3.081133	-6.142857	-3.061724	-6.507937	0.172835	0.3723	0.07375	0.043125	0.1175	0.584746	0.0479546	0.0480833	79.5198	60.4091	-0.002680193487	0.0001287	0.274866291411	19.1107	0.0248824423737	-0.0450210689245	0.0006383	0.0012084
hs	0	0	0	NA	2.95	7.288042	0.383333	1.666667	18	-4.338042	-15.05	-10.711958	2.566667	-5.621375	NA	NA	NA	NA	NA	NA	NA	NA	NA	NA	0.104394	0.07	0.0475	0.115	0.678571	NA	NA	NA	NA	NA	NA	NA	NA	-0.0481562747949	-0.0522329572338	0.0014084	0.0015306
hs	0	0	0	NA	0.929487	3.056276	0.044872	0.487179	9	-2.126788	-8.070513	-5.943724	0.884615	-2.569096	NA	NA	NA	NA	NA	NA	NA	NA	NA	NA	0.125126	0.435	0.0125	0.5	0.028736	NA	NA	NA	NA	NA	NA	NA	NA	0.217952577041	0.33740068812	0.01455	0.0210643
hs	0	0	0	NA	2.087179	6.112551	0.169231	1.128205	18	-4.025372	-15.912821	-11.887449	1.917949	-4.984346	NA	NA	NA	NA	NA	NA	NA	NA	NA	NA	0.001774	0.13	0.024375	0.17875	0.1875	NA	NA	NA	NA	NA	NA	NA	NA	-0.331627989476	-0.232156345364	0.0156293	0.0102327
hs	0	0	0	NA	2.060256	5.172159	0.144872	1.102564	9	-3.111902	-6.939744	-3.827841	1.915385	-4.069595	NA	NA	NA	NA	NA	NA	NA	NA	NA	NA	0.057038	0.12375	0.03375	0.16875	0.272727	NA	NA	NA	NA	NA	NA	NA	NA	-0.102398744712	-0.192790859148	0.004319	0.0084825
hs	0	0	0	NA	2.375641	7.52314	0.137179	1.25641	23	-5.147499	-20.624359	-15.47686	2.238462	-6.26673	NA	NA	NA	NA	NA	NA	NA	NA	NA	NA	0.001521	0.13375	0.028125	0.19875	0.21028	NA	NA	NA	NA	NA	NA	NA	NA	0.268274555251	-0.0100582439375	0.0056517	0.0002416
hs	0	0	0	NA	1.491026	4.466864	0.098718	0.794872	12	-2.975839	-10.508974	-7.533136	1.392308	-3.671993	NA	NA	NA	NA	NA	NA	NA	NA	NA	NA	0.057324	0.27	0.02	0.345	0.074074	NA	NA	NA	NA	NA	NA	NA	NA	0.258863689675	0.392117096429	0.0110943	0.0154131
hs	0.025	0.025	0.0125	0.008475	12.098718	14.105888	11.85	11.974359	15	-2.00717	-2.901282	-0.894112	0.248718	-2.131529	NA	NA	NA	NA	NA	NA	NA	NA	NA	NA	0.156136	0.05	0.04	0.065	0.8	NA	NA	NA	NA	NA	NA	NA	NA	-0.137875551316	-0.634879163399	0.0014979	0.0099532
hs	0.8	0.2	0.7625	0.625882	5.860256	9.639023	15.421795	10.641026	13	-3.778767	-7.139744	-3.360977	-9.561538	1.002002	0.870968	3.228013	0.032258	0.451613	12	-2.357045	-11.129032	-8.771987	0.83871	-2.7764	0.276557	0.37125	0.01125	0.43125	0.030303	0.0885506	0.0213987	122.505	29.5179	1.42024396752	0.0671519	1.42315498649	92.9871	1.20495267137	1.18376742228	0.0357278	0.0345892
hs	0	0	0	NA	3.202564	9.639023	2.028205	2.615385	26	-6.436459	-22.797436	-16.360977	1.174359	-7.023639	NA	NA	NA	NA	NA	NA	NA	NA	NA	NA	0.088844	0.0875	0.025	0.125	0.285714	NA	NA	NA	NA	NA	NA	NA	NA	-0.115423946825	-0.117756706648	0.003967	0.0040082
hs	0.725	0.275	0.6625	0.484952	3.841026	7.052944	14.825641	9.333333	11	-3.211918	-7.158974	-3.947056	-10.984615	2.28039	0.73399	1.782454	0.051724	0.392857	4	-1.048463	-3.26601	-2.217546	0.682266	-1.389596	0.284504	0.25	0.024375	0.32125	0.0975	0.103629	0.0352317	121.512	39.9182	1.07887096792	0.0683973	1.11318066309	81.5938	0.617703161586	0.19385748594	0.0219316	0.0079385
hs	0.975	0.025	-0.025	0.016807	2.998718	10.814514	15.719231	9.358974	27	-7.815796	-24.001282	-16.185486	-12.720513	-1.455539	2.356275	7.568766	0.117409	1.236842	21	-5.21249	-18.643725	-13.431234	2.238866	-6.331924	0.134409	0.1425	0.02	0.1775	0.140351	NA	NA	NA	NA	NA	NA	NA	NA	-0.218687884587	-0.0130780942409	0.0079583	0.0004265
hs	0	0	0	NA	6.774359	9.874121	11.892308	9.333333	17	-3.099762	-10.225641	-7.125879	-5.117949	-0.540788	NA	NA	NA	NA	NA	NA	NA	NA	NA	NA	0.286321	0.07875	0.05625	0.11625	0.714286	NA	NA	NA	NA	NA	NA	NA	NA	-0.314633895833	-0.16480194574	0.0123708	0.0058597
hs	0.15	0.15	0.15	0.105263	12.267949	17.632359	15.167949	13.717949	33	-5.364411	-20.732051	-15.367641	-2.9	-3.914411	1.8	1.751825	1	1.4	2	0.048175	-0.2	-0.248175	0.8	-0.351825	0.180966	0.03875	0.033125	0.05	0.854839	NA	NA	103.333	32.8601	NA	NA	1.14569762718	70.4729	-1.17652103733	-0.901492377871	0.02021784	0.01313118
hs	0	0	0	NA	1.339744	5.407257	0.044872	0.692308	19	-4.067513	-17.660256	-13.592743	1.294872	-4.714949	NA	NA	NA	NA	NA	NA	NA	NA	NA	NA	0.137185	0.37125	0.01125	0.43125	0.030303	NA	NA	NA	NA	NA	NA	NA	NA	-0.0149445975665	0.055403599843	0.0009842	0.0035241
hs	0	0	0	NA	3.578205	8.228434	0.370513	1.974359	19	-4.650229	-15.421795	-10.771566	3.207692	-6.254075	NA	NA	NA	NA	NA	NA	NA	NA	NA	NA	0.048054	0.0625	0.031875	0.08875	0.51	NA	NA	NA	NA	NA	NA	NA	NA	0.00842473597228	-0.00993534516841	0.0002138	0.0002652
hs	1	0	0.9875	0.963878	0.539744	1.880785	0.024359	0.282051	6	-1.341041	-5.460256	-4.119215	0.515385	-1.598734	0.539744	1.880785	0.024359	0.282051	6	-1.341041	-5.460256	-4.119215	0.515385	-1.598734	0.188905	0.60875	0.008125	0.68625	0.013347	NA	NA	NA	NA	NA	NA	NA	NA	2.12034371104	2.16263617363	0.1591603	0.1598811
hs	0.825	0.175	0.825	0.758621	5.882051	10.344318	9.707692	7.794872	15	-4.462266	-9.117949	-4.655682	-3.825641	-2.549446	2.329545	5.667125	3.670455	3	12	-3.33758	-9.670455	-6.332875	-1.340909	-2.667125	0.259565	0.07125	0.040625	0.10625	0.570175	0.0349368	0.0206827	74.1875	47.2381	0.52424311289	0.0142541	0.451394902002	26.9494	0.19298684453	0.00909361991776	0.0035288	0.0001795
hs	0	0	0	NA	5.452564	9.403925	6.496154	5.974359	18	-3.951361	-12.547436	-8.596075	-1.04359	-3.429566	NA	NA	NA	NA	NA	NA	NA	NA	NA	NA	0.15808	0.105	0.0425	0.1675	0.404762	NA	NA	NA	NA	NA	NA	NA	NA	0.0889526527037	-0.0202216113212	0.003218	0.0007845
hs	0.95	0.05	0.9375	0.890788	3.728205	13.165495	24.784615	14.25641	34	-9.43729	-30.271795	-20.834505	-21.05641	1.090915	1.630156	4.760107	2.045519	1.837838	11	-3.129951	-9.369844	-6.239893	-0.415363	-2.922269	0.359889	0.225	0.0225	0.2925	0.1	0.0413851	0.00162435	105.626	3	3.23781317691	0.03976075	3.56129226442	102.626	1.06437659018	1.25322765641	0.0229327	0.02450441
hs	0.175	0.175	0.175	0.123894	20.464103	25.625696	8.869231	14.666667	35	-5.161593	-14.535897	-9.374304	11.594872	-10.959029	2.47619	3.265306	7.190476	4.833333	3	-0.789116	-0.52381	0.265306	-4.714286	1.568027	0.049773	0.04125	0.035625	0.0525	0.863636	0.068459	0.00633846	144.119	27.4943	2.37959918919	0.06212054	1.65666063673	116.6247	-0.641855804821	-0.54482132279	0.00444393	0.00356489
hs	0.9	0.1	0.8875	0.821231	4.292308	9.874121	15.502564	9.897436	16	-5.581814	-11.707692	-6.125879	-11.210256	0.023315	1.45873	3.858414	1.912698	1.685714	7	-2.399684	-5.54127	-3.141586	-0.453968	-2.1727	0.219436	0.205	0.024375	0.26875	0.118902	0.0464058	0.0241511	82.9159	42.6667	0.653094523705	0.0222547	0.664408084595	40.2492	1.04428533838	0.925996577787	0.0202079	0.0188557
hs	0	0	0	NA	1.111538	3.526472	0.067949	0.589744	11	-2.414933	-9.888462	-7.473528	1.04359	-2.936728	NA	NA	NA	NA	NA	NA	NA	NA	NA	NA	0.014047	0.29875	0.023125	0.40375	0.077406	NA	NA	NA	NA	NA	NA	NA	NA	0.184184062071	0.0156612390491	0.0100997	0.0009507
hs	0	0	0	NA	2.402564	5.407257	2.212821	2.307692	13	-3.004693	-10.597436	-7.592743	0.189744	-3.099565	NA	NA	NA	NA	NA	NA	NA	NA	NA	NA	0.048293	0.0875	0.056875	0.13125	0.65	NA	NA	NA	NA	NA	NA	NA	NA	-0.676366557646	-0.80868308318	0.0217678	0.0285208
hs	0.35	0.35	0.2625	0.106782	10.798718	14.105888	19.919231	15.358974	23	-3.30717	-12.201282	-8.894112	-9.120513	1.253087	2.989011	5.660139	14.857143	8.923077	9	-2.671128	-6.010989	-3.339861	-11.868132	3.262938	0.262632	0.05875	0.03625	0.08125	0.617021	0.0451347	0.0188636	82.7418	37.5338	0.872417212842	0.0262711	0.790483055339	45.208	-0.35784977645	-0.194158266272	0.0045934	0.0022391
hs	0.9	0.1	0.9	0.857143	5.132051	11.049612	24.457692	14.794872	20	-5.917561	-14.867949	-8.950388	-19.325641	3.74526	2.101587	5.305319	7.955556	5.028571	11	-3.203732	-8.898413	-5.694681	-5.853968	-0.276748	0.295171	0.19125	0.03125	0.27125	0.163399	0.0501412	0.0289251	88.4794	50.75	0.550133295141	0.0212161	0.555858138636	37.7294	0.143885400303	0.192052513675	0.0048701	0.0065295
hs	0.05	0.05	0.025	0.017241	21.279487	22.334322	20.053846	20.666667	18	-1.054835	3.279487	4.334322	1.225641	-1.667655	NA	NA	NA	NA	NA	NA	NA	NA	NA	NA	0.108846	0.04125	0.035625	0.0525	0.863636	0.181452	0.00674569	200	24.6188	3.29208737349	0.17470631	2.09480698784	175.3812	-0.348064526725	-0.318133379156	0.00253151	0.00228033
hs	0.65	0.35	0.4375	0.196315	9.892308	14.340986	19.441026	14.666667	14	-4.448678	-4.107692	0.340986	-9.548718	0.325681	2.784615	5.241148	6.575385	4.68	11	-2.456532	-8.215385	-5.758852	-3.790769	-0.561148	0.194201	0.06625	0.050625	0.0975	0.764151	0.0211749	0.0136631	56.3554	36.7802	0.43811774961	0.0075118	0.426718408631	19.5752	-0.758542986756	-0.727744458154	0.01074904	0.0101483
hs	0	0	0	NA	3.060256	8.463533	1.298718	2.179487	22	-5.403276	-18.939744	-13.536467	1.761538	-6.284045	NA	NA	NA	NA	NA	NA	NA	NA	NA	NA	0.037312	0.0675	0.036875	0.09375	0.546296	NA	NA	NA	NA	NA	NA	NA	NA	-0.257165531818	-0.383068007214	0.0087854	0.0140593
hs	0.95	0.05	-0.05	0.033898	2.805128	8.228434	11.246154	7.025641	19	-5.423306	-16.194872	-10.771566	-8.441026	-1.202793	1.923186	5.950134	0.130868	1.027027	19	-4.026947	-17.076814	-13.049866	1.792319	-4.923107	0.089871	0.11125	0.04875	0.18625	0.438202	NA	NA	58.7788	200	NA	NA	-1.224536121	141.2212	-0.358393365	-0.37148702	0.0184075	0.0189931
hs	0	0	0	NA	2.915385	10.344318	0.161538	1.538462	35	-7.428933	-32.084615	-24.655682	2.753846	-8.805856	NA	NA	NA	NA	NA	NA	NA	NA	NA	NA	0.070895	0.07625	0.025625	0.11	0.336066	NA	NA	NA	NA	NA	NA	NA	NA	0.150689065	0.379041133	0.0061546	0.0136544
hs	0.2	0.2	-0.1125	0.027168	25.978205	26.801186	22.380769	24.179487	24	-0.822981	1.978205	2.801186	3.597436	-2.621699	19.642857	18.512397	26.642857	23.142857	7	1.13046	12.642857	11.512397	-7	4.63046	0.170179	0.05125	0.04125	0.06625	0.804878	0.0237419	0.0107628	59.7857	29.6593	0.791145676	0.0129791	0.700990766	30.1264	-0.22768897	-0.29865954	0.00122421	0.00181389
hs	0	0	0	NA	2.003846	6.347649	0.098718	1.051282	17	-4.343803	-14.996154	-10.652351	1.905128	-5.296367	NA	NA	NA	NA	NA	NA	NA	NA	NA	NA	0.013701	0.22625	0.02375	0.29375	0.104972	NA	NA	NA	NA	NA	NA	NA	NA	-0.147122992	-0.205061626	0.0065576	0.0094343
hs	0.175	0.175	0.1625	0.095982	19.265385	19.983341	14.529487	16.897436	22	-0.717956	-2.734615	-2.016659	4.735897	-3.085905	2.571429	3.265306	7.761905	5.166667	3	-0.693878	-0.428571	0.265306	-5.190476	1.901361	0.129858	0.04	0.034375	0.05125	0.859375	0.0485188	0.00793416	116	25.4943	1.810773863	0.04058464	1.515135293	90.5057	-0.89725597	-0.600941583	0.00973366	0.00502079
hs	0	0	0	NA	3.758974	7.993336	9.471795	6.615385	19	-4.234362	-15.241026	-11.006664	-5.712821	-1.377952	NA	NA	NA	NA	NA	NA	NA	NA	NA	NA	0.184591	0.13	0.04	0.205	0.307692	NA	NA	NA	NA	NA	NA	NA	NA	-0.077836395	-0.008549275	0.0028623	0.0003019
hs	0	0	0	NA	3.375641	9.403925	0.265385	1.820513	27	-6.028284	-23.624359	-17.596075	3.110256	-7.583412	NA	NA	NA	NA	NA	NA	NA	NA	NA	NA	0.061829	0.06	0.029375	0.08625	0.489583	NA	NA	NA	NA	NA	NA	NA	NA	-0.545279869	-0.377058469	0.0148416	0.0092867
hs	0	0	0	NA	14.032051	19.042948	10.019231	12.025641	32	-5.010897	-17.967949	-12.957052	4.012821	-7.017307	NA	NA	NA	NA	NA	NA	NA	NA	NA	NA	0.072725	0.035	0.029375	0.0425	0.839286	NA	NA	NA	NA	NA	NA	NA	NA	-0.301310699	-0.276463977	0.00257804	0.0024244
hs	0	0	0	NA	7.644872	12.460201	25.432051	16.538462	15	-4.815329	-7.355128	-2.539799	-17.787179	4.078261	NA	NA	NA	NA	NA	NA	NA	NA	NA	NA	0.369162	0.09875	0.03625	0.14875	0.367089	NA	NA	NA	NA	NA	NA	NA	NA	0.263943554	0.044577113	0.0086146	0.001619
hs	0	0	0	NA	20.984615	23.744911	30.194872	25.589744	35	-2.760295	-14.015385	-11.255089	-9.210256	1.844833	NA	NA	NA	NA	NA	NA	NA	NA	NA	NA	0.098088	0.04875	0.033125	0.07375	0.679487	NA	NA	NA	NA	NA	NA	NA	NA	-0.09085935	-0.242905994	0.0010263	0.0029918
hs	0.225	0.225	0.225	0.162162	11.238462	16.456869	4.966667	8.102564	30	-5.218407	-18.761538	-13.543131	6.271795	-8.354305	5.722222	5.886991	3.777778	4.75	5	-0.164769	0.722222	0.886991	1.944444	-1.136991	0.100191	0.03375	0.028125	0.04125	0.833333	0.0696126	0.0108981	79.3333	25.3957	1.854357123	0.0587145	1.139078096	53.9376	-0.890737983	-0.88145596	0.01174589	0.01146609
hs	1	0	0.825	0.611111	1.775641	4.937061	0.121795	0.948718	13	-3.16142	-11.224359	-8.062939	1.653846	-3.988343	1.775641	4.937061	0.121795	0.948718	13	-3.16142	-11.224359	-8.062939	1.653846	-3.988343	0.084048	0.15125	0.02875	0.20375	0.190083	NA	NA	NA	NA	NA	NA	NA	NA	0.868795582	1.510892364	0.0241999	0.03190674
hs	0	0	0	NA	2.435897	5.642355	0.230769	1.333333	12	-3.206458	-9.564103	-6.357645	2.205128	-4.309022	NA	NA	NA	NA	NA	NA	NA	NA	NA	NA	0.02544	0.09375	0.043125	0.15	0.46	NA	NA	NA	NA	NA	NA	NA	NA	0.242005263	0.24466614	0.0084251	0.0084377
hs	0.7	0.3	0.7	0.608696	8.715385	10.814514	18.771795	13.74359	18	-2.099129	-9.284615	-7.185486	-10.05641	2.929076	1	3.597624	9.666667	5.333333	9	-2.597624	-8	-5.402376	-8.666667	1.735709	0.230091	0.31875	0.01625	0.40125	0.05098	0.138495	0.0175754	160.212	38.3561	2.064334027	0.1209196	1.429584362	121.8559	0.687827696	0.887392906	0.0253438	0.029978
hs	0	0	0	NA	2.497436	7.052944	0.169231	1.333333	16	-4.555508	-13.502564	-8.947056	2.328205	-5.71961	NA	NA	NA	NA	NA	NA	NA	NA	NA	NA	0.036775	0.1025	0.026875	0.14375	0.262195	NA	NA	NA	NA	NA	NA	NA	NA	-0.206384118	-0.103798143	0.0074222	0.0035395
hs	0.875	0.125	0.8625	0.787698	5.514103	11.754906	19.05	12.282051	23	-6.240804	-17.485897	-11.245094	-13.535897	0.527145	1.37479	4.613655	0.095798	0.735294	17	-3.238865	-15.62521	-12.386345	1.278992	-3.878361	0.241617	0.18375	0.02375	0.26375	0.129252	NA	NA	104.172	24.15	NA	NA	1.461758999	80.022	0.901979488	0.936469185	0.0259908	0.0254762
hs	0.025	0.025	0.025	0.016807	24.737179	27.741579	18.391026	21.564103	39	-3.004399	-14.262821	-11.258421	6.346154	-6.177476	NA	NA	NA	NA	NA	NA	NA	NA	NA	NA	0.201473	0.03	0.0275	0.035	0.916667	NA	NA	NA	NA	NA	NA	NA	NA	-0.134693813	-0.031491041	0.0007686	0.00016163
hs	0.05	0.05	-0.025	0.002232	30.389744	31.973345	22.738462	26.564103	41	-1.583602	-10.610256	-9.026655	7.651282	-5.409243	NA	NA	NA	NA	NA	NA	NA	NA	NA	NA	0.146363	0.04125	0.03125	0.05625	0.757576	0.019931	0.00831047	97	34.8848	0.874760143	0.01162053	1.022659774	62.1152	-0.565242592	-0.410615594	0.0060869	0.00406457
hs	0.925	0.075	0.9	0.822412	3.833333	7.993336	15.858974	9.846154	14	-4.160003	-10.166667	-6.006664	-12.025641	1.852818	2.354354	5.270017	7.423423	4.888889	10	-2.915663	-7.645646	-4.729983	-5.069069	-0.381129	0.181348	0.20375	0.023125	0.2675	0.113497	0.0667285	0.0113791	86.2725	22.3333	1.768853809	0.0553494	1.351432053	63.9392	0.963952309	0.612318272	0.0292744	0.0220296
hs	0	0	0	NA	2.392308	6.112551	0.171795	1.282051	15	-3.720244	-12.607692	-8.887449	2.220513	-4.8305	NA	NA	NA	NA	NA	NA	NA	NA	NA	NA	0.042519	0.135	0.029375	0.18375	0.217593	NA	NA	NA	NA	NA	NA	NA	NA	-0.01988103	0.135998293	0.000581	0.00369
hs	0.125	0.125	-0.275	0.086617	20.510256	20.218439	15.9	18.205128	30	0.291818	-9.489744	-9.781561	4.610256	-2.013311	6.2	6.72	6.3	6.25	9	-0.52	-2.8	-2.28	-0.1	-0.47	0.158972	0.0375	0.031875	0.045	0.85	0.0449214	0.00605583	95	22.1672	2.003892852	0.03886557	1.455263173	72.8328	-0.701323525	-0.88359856	0.00571854	0.00812114
hs	0	0	0	NA	1.975641	5.877453	0.126923	1.051282	15	-3.901812	-13.024359	-9.122547	1.848718	-4.826171	NA	NA	NA	NA	NA	NA	NA	NA	NA	NA	0.084957	0.14	0.034375	0.22125	0.245536	NA	NA	NA	NA	NA	NA	NA	NA	-0.146374829	-0.357072492	0.0044472	0.0121092
hs	0.55	0.45	0.55	0.44898	8.266667	11.28471	10.194872	9.230769	12	-3.018043	-3.733333	-0.71529	-1.928205	-2.053941	2.285714	5.212107	9.714286	6	9	-2.926393	-6.714286	-3.787893	-7.428571	0.787893	0.076858	0.08125	0.030625	0.115	0.376923	0.0615218	0.0140983	87.6342	23.4771	1.473337361	0.0474235	1.317145855	64.1571	-0.392755259	-0.472616845	0.0058481	0.0088349
hs	0	0	0	NA	16.785897	17.397261	11.470513	14.128205	20	-0.611364	-3.214103	-2.602739	5.315385	-3.269056	NA	NA	NA	NA	NA	NA	NA	NA	NA	NA	0.164976	0.04125	0.035625	0.0525	0.863636	NA	NA	NA	NA	NA	NA	NA	NA	-0.234886941	-0.811824227	0.00254352	0.0134227
hs	0	0	0	NA	4.417949	11.049612	17.530769	10.974359	24	-6.631663	-19.582051	-12.950388	-13.112821	-0.075253	NA	NA	NA	NA	NA	NA	NA	NA	NA	NA	0.180397	0.10125	0.025625	0.1425	0.253086	NA	NA	NA	NA	NA	NA	NA	NA	-0.035438055	-0.259832821	0.0012902	0.0110661
hs	0	0	0	NA	13.912821	17.397261	6.6	10.25641	17	-3.484441	-3.087179	0.397261	7.312821	-7.140851	NA	NA	NA	NA	NA	NA	NA	NA	NA	NA	0.094687	0.055	0.039375	0.07375	0.715909	NA	NA	NA	NA	NA	NA	NA	NA	-0.278571209	-0.179641927	0.0029921	0.0016791
hs	0.95	0.05	0.9125	0.823094	2.373077	6.112551	20.037179	11.205128	8	-3.739474	-5.626923	-1.887449	-17.664103	5.092577	1.389758	4.046091	7.421053	4.405405	8	-2.656333	-6.610242	-3.953909	-6.031294	0.359314	0.383982	0.535	0.009375	0.6075	0.017523	0.0945315	0.0709333	127.097	130	0.287193113	0.0235982	-0.022583876	2.903	0.941438282	0.732468422	0.0428199	0.0357883
hs	0.05	0.05	0.05	0.033898	11.689744	17.867458	15.592308	13.641026	37	-6.177714	-25.310256	-19.132542	-3.902564	-4.226432	NA	NA	NA	NA	NA	NA	NA	NA	NA	NA	0.179924	0.05125	0.04125	0.06625	0.804878	0.0614689	0.00572985	181.5	27.5917	2.372842003	0.05573905	1.883740651	153.9083	-0.857626547	-0.530446266	0.00746797	0.00387001
hs	0.75	0.25	0.7125	0.566353	11.537179	13.870789	9.95	10.74359	19	-2.33361	-7.462821	-5.129211	1.587179	-3.1272	7.28046	8.582274	5.754023	6.517241	16	-1.301815	-8.71954	-7.417726	1.526437	-2.065033	0.158466	0.08625	0.04625	0.13625	0.536232	0.0404912	0.052422	81.5218	52.5111	-0.258241684	0.0119308	0.439845893	29.0107	0.225790772	0.232759803	0.0036448	0.0037001
hs	0	0	0	NA	1.434615	3.291374	0.155128	0.794872	7	-1.856758	-5.565385	-3.708626	1.279487	-2.496502	NA	NA	NA	NA	NA	NA	NA	NA	NA	NA	0.018122	0.1975	0.0375	0.2975	0.189873	NA	NA	NA	NA	NA	NA	NA	NA	-0.133143827	-0.277795905	0.006101	0.0141018
hs	0.775	0.225	0.75	0.629049	6.835897	10.344318	22.189744	14.512821	15	-3.50842	-8.164103	-4.655682	-15.353846	4.168503	3.668817	5.506901	15.064516	9.366667	6	-1.838084	-2.331183	-0.493099	-11.395699	3.859765	0.129933	0.11625	0.02625	0.16125	0.225806	0.0700393	0.0135678	84.2677	18.8056	1.641357175	0.0564715	1.499843938	65.4621	0.661175093	0.594820973	0.0178501	0.0160707
hs	0	0	0	NA	2.45641	5.407257	3.902564	3.179487	9	-2.950847	-6.54359	-3.592743	-1.446154	-2.22777	NA	NA	NA	NA	NA	NA	NA	NA	NA	NA	0.094776	0.14	0.05	0.215	0.357143	NA	NA	NA	NA	NA	NA	NA	NA	0.113364587	0.181959525	0.0034988	0.0053296
hs	1	0	0.9875	0.963878	1.766667	6.112551	0.079487	0.923077	19	-4.345885	-17.233333	-12.887449	1.687179	-5.189474	1.766667	6.112551	0.079487	0.923077	19	-4.345885	-17.233333	-12.887449	1.687179	-5.189474	0.001432	0.145	0.0225	0.18	0.155172	NA	NA	NA	NA	NA	NA	NA	NA	1.257729345	1.281937864	0.032758	0.0320099
hs	0	0	0	NA	2.225641	6.112551	0.133333	1.179487	13	-3.88691	-10.774359	-6.887449	2.092308	-4.933064	NA	NA	NA	NA	NA	NA	NA	NA	NA	NA	0.081849	0.1625	0.021875	0.2	0.134615	NA	NA	NA	NA	NA	NA	NA	NA	-0.169895153	-0.018263067	0.0059605	0.0005922
hs	0.65	0.35	0.65	0.553191	10.829487	16.221771	28.503846	19.666667	20	-5.392284	-9.170513	-3.778229	-17.674359	3.444896	0.993846	3.144689	7.566154	4.28	8	-2.150842	-7.006154	-4.855311	-6.572308	1.135311	0.170485	0.26375	0.01375	0.31375	0.052133	0.275266	0.0155027	162.94	24.033	2.876723701	0.2597633	1.913954149	138.907	0.502981594	0.706824486	0.0289873	0.0373709
hs	0.925	0.075	0.9125	0.855584	4.687179	14.105888	14.697436	9.692308	39	-9.418708	-34.312821	-24.894112	-10.010256	-4.41358	3.447447	11.019127	5.996997	4.722222	35	-7.57168	-31.552553	-23.980873	-2.54955	-6.296905	0.066093	0.055	0.0325	0.085	0.590909	0.0310245	0.0199586	61.533	45.6667	0.441117087	0.0110659	0.298204249	15.8663	0.239419056	0.526971582	0.0046589	0.0080628
hs	1	0	0.9875	0.963878	0.647436	2.821178	13.660256	7.153846	4	-2.173742	-3.352564	-1.178822	-13.012821	4.332669	0.647436	2.821178	13.660256	7.153846	4	-2.173742	-3.352564	-1.178822	-13.012821	4.332669	0.727515	0.77	0.004375	0.8575	0.005682	NA	NA	NA	NA	NA	NA	NA	NA	3.239557745	3.347113405	0.2927586	0.293976
hs	0	0	0	NA	1.683333	4.701963	0.111538	0.897436	13	-3.018629	-11.316667	-8.298037	1.571795	-3.804527	NA	NA	NA	NA	NA	NA	NA	NA	NA	NA	0.1068	0.21125	0.030625	0.29625	0.14497	NA	NA	NA	NA	NA	NA	NA	NA	0.293176561	0.316587326	0.013792	0.0149891
hs	0.95	0.05	0.925	0.8575	2.666667	10.109219	28.512821	15.589744	25	-7.442553	-22.333333	-14.890781	-25.846154	5.480524	1.459459	5.474123	9.567568	5.513514	15	-4.014664	-13.540541	-9.525877	-8.108108	0.03939	0.22128	0.3725	0.0125	0.4325	0.033557	0.0677121	0.00143246	106.395	5	3.855871648	0.06627964	3.057720671	101.395	1.118736967	1.093494254	0.0360994	0.0353786
hs	0	0	0	NA	2.575641	8.698631	5.578205	4.076923	28	-6.12299	-25.424359	-19.301369	-3.002564	-4.621708	NA	NA	NA	NA	NA	NA	NA	NA	NA	NA	0.028982	0.15875	0.018125	0.19625	0.114173	NA	NA	NA	NA	NA	NA	NA	NA	-0.054882763	0.160244683	0.0031823	0.0084173
hs	0.975	0.025	0.8625	0.689236	4.352564	13.165495	23.698718	14.025641	29	-8.812931	-24.647436	-15.834505	-19.346154	0.860146	3.176788	7.332242	0.296896	1.736842	16	-4.155454	-12.823212	-8.667758	2.879892	-5.5954	0.185467	0.0875	0.036875	0.1325	0.421429	NA	NA	NA	NA	NA	NA	NA	NA	0.590955507	0.410541093	0.0153133	0.011455
hs	0.675	0.325	0.6625	0.545807	12.258974	11.519808	23.741026	18	16	0.739166	-3.741026	-4.480192	-11.482051	6.480192	3.088319	7.783273	13.450142	8.269231	17	-4.694954	-13.911681	-9.216727	-10.361823	0.485958	0.354204	0.1	0.049375	0.1675	0.49375	0.0409208	0.0700485	86.6054	100.718	-0.537549368	0.0291277	-0.150962363	14.1126	-0.106408467	0.000834527	0.0021288	1.62e-05
hs	0	0	0	NA	2.098718	6.347649	0.10641	1.102564	14	-4.248931	-11.901282	-7.652351	1.992308	-5.245085	NA	NA	NA	NA	NA	NA	NA	NA	NA	NA	0.04028	0.115	0.025	0.145	0.217391	NA	NA	NA	NA	NA	NA	NA	NA	-0.145137189	-0.0106514	0.0053312	0.0003582
hs	0.3	0.3	0.3	0.222222	12.908974	14.576084	9.398718	11.153846	19	-1.667109	-6.091026	-4.423916	3.510256	-3.422238	0.333333	0.662279	0.030303	0.181818	2	-0.328945	-1.666667	-1.337721	0.30303	-0.48046	0.116313	0.0875	0.025	0.1125	0.285714	0.29611	0.0111514	164.265	21.2235	3.27916595635	0.2849586	2.04637191907	143.0415	-0.717931482448	-0.730077318203	0.0112577	0.010828
hs	0.125	0.125	0.0625	0.012727	20.615385	22.099224	11.179487	15.897436	28	-1.483839	-7.384615	-5.900776	9.435897	-6.201788	11	12	11	11	16	-1	-5	-4	0	-1	0.133023	0.04125	0.03125	0.05125	0.757576	0.0223058	0.00847516	51	23.0328	0.96770720219	0.01383064	0.794906345735	27.9672	-0.534972838145	-0.945792750109	0.00488357	0.0116325
hs	1	0	1	1	0.916667	3.056276	0.057692	0.487179	11	-2.139609	-10.083333	-7.943724	0.858974	-2.569096	0.916667	3.056276	0.057692	0.487179	11	-2.139609	-10.083333	-7.943724	0.858974	-2.569096	0.085097	0.38125	0.02125	0.50125	0.055738	NA	NA	NA	NA	NA	NA	NA	NA	1.39530091875	1.80276479375	0.0528391	0.0586633
hs	1	0	1	1	0.639744	2.115883	7.411538	4.025641	5	-1.47614	-4.360256	-2.884117	-6.771795	1.909758	0.639744	2.115883	7.411538	4.025641	5	-1.47614	-4.360256	-2.884117	-6.771795	1.909758	0.375497	0.68625	0.005625	0.76875	0.008197	NA	NA	NA	NA	NA	NA	NA	NA	2.29033968343	2.47699366185	0.1474276	0.1501927
hs	1	0	1	1	0.944872	3.996668	0.029487	0.487179	15	-3.051796	-14.055128	-11.003332	0.915385	-3.509489	0.944872	3.996668	0.029487	0.487179	15	-3.051796	-14.055128	-11.003332	0.915385	-3.509489	0.00083	0.3725	0.0125	0.4325	0.033557	NA	NA	NA	NA	NA	NA	NA	NA	0.470091593926	0.398427906398	0.0272036	0.0239651
hs	1	0	1	1	0.334615	0.940393	0.024359	0.179487	3	-0.605777	-2.665385	-2.059607	0.310256	-0.760905	0.334615	0.940393	0.024359	0.179487	3	-0.605777	-2.665385	-2.059607	0.310256	-0.760905	0.002118	0.6925	0.011875	0.8575	0.017148	NA	NA	NA	NA	NA	NA	NA	NA	2.98532032229	3.52955800062	0.2823117	0.2886168
hs	0.025	0.025	0.025	0.016807	19.074359	23.039616	10.258974	14.666667	31	-3.965257	-11.925641	-7.960384	8.815385	-8.37295	NA	NA	NA	NA	NA	NA	NA	NA	NA	NA	0.092432	0.03625	0.030625	0.04375	0.844828	NA	NA	NA	NA	NA	NA	NA	NA	-0.330937249255	-0.156923617842	0.00166664	0.00070917
hs	0	0	0	NA	2.44359	8.228434	0.120513	1.282051	25	-5.784845	-22.55641	-16.771566	2.323077	-6.946383	NA	NA	NA	NA	NA	NA	NA	NA	NA	NA	0.030636	0.1075	0.031875	0.1625	0.296512	NA	NA	NA	NA	NA	NA	NA	NA	0.278703266602	0.222420691144	0.0103703	0.0083492
hs	0.975	0.025	0.9375	0.862637	2.947436	9.168827	15.565385	9.25641	21	-6.221391	-18.052564	-11.831173	-12.617949	0.087583	2.053981	5.203526	1.99865	2.026316	12	-3.149545	-9.946019	-6.796474	0.055331	-3.177211	0.303791	0.1175	0.041875	0.18625	0.356383	NA	NA	NA	NA	NA	NA	NA	NA	1.03955370817	1.10831259573	0.0242597	0.0228166
hs	0.7	0.3	0.7	0.608696	14.060256	17.397261	33.273077	23.666667	15	-3.337005	-0.939744	2.397261	-19.212821	6.269405	1.113757	2.055785	0.145503	0.62963	5	-0.942029	-3.886243	-2.944215	0.968254	-1.426156	0.439924	0.17	0.029375	0.22625	0.172794	0.0491469	0.015705	123.323	41.1591	1.14083463939	0.0334419	1.09736188484	82.1639	0.769723248078	0.416888288927	0.00962824	0.0061814
hs	0.325	0.325	0.3125	0.21159	18.196154	19.748243	17.034615	17.615385	18	-1.552089	0.196154	1.748243	1.161538	-2.132858	9.666667	11.278641	18.833333	14.25	12	-1.611975	-2.333333	-0.721359	-9.166667	2.971359	0.213666	0.0375	0.031875	0.04875	0.85	0.0425764	0.0160301	77.9359	39.9017	0.97683190425	0.0265463	0.669467764455	38.0342	-0.798189593435	-0.802520641619	0.01196351	0.01208651
hs	0.025	0.025	0.025	0.016807	17.928205	18.337654	14.071795	16	26	-0.409449	-8.071795	-7.662346	3.85641	-2.337654	NA	NA	NA	NA	NA	NA	NA	NA	NA	NA	0.130752	0.04625	0.03625	0.06625	0.783784	NA	NA	NA	NA	NA	NA	NA	NA	-0.266823907264	-0.323496676262	0.0033089	0.004285
hs	0.65	0.35	0.65	0.553191	10.148718	13.870789	9.748718	9.948718	32	-3.722072	-21.851282	-18.129211	0.4	-3.922072	3.698462	7.075549	9.741538	6.72	14	-3.377088	-10.301538	-6.924451	-6.043077	-0.355549	0.092551	0.09	0.0275	0.1275	0.305556	0.0671535	0.0192588	99.38	37.6209	1.24901294459	0.0478947	0.971391139142	61.7591	0.4293291745	0.422258071562	0.0068141	0.0061864
hs	0.25	0.25	-0.1875	0.033778	15.280769	20.688635	8.052564	11.666667	36	-5.407866	-20.719231	-15.311365	7.228205	-9.021968	4.888889	6.716229	9.777778	7.333333	12	-1.827341	-7.111111	-5.283771	-4.888889	0.617104	0.083796	0.0475	0.031875	0.06625	0.671053	0.0254863	0.00527756	98.9111	24.8207	1.57467718319	0.02020874	1.38254348447	74.0904	-0.080720210311	-0.592936230904	0.00034188	0.00350657
hs	0	0	0	NA	2.257692	6.582748	0.152564	1.205128	18	-4.325055	-15.742308	-11.417252	2.105128	-5.377619	NA	NA	NA	NA	NA	NA	NA	NA	NA	NA	0.002085	0.14	0.034375	0.205	0.245536	NA	NA	NA	NA	NA	NA	NA	NA	-0.322052674402	-0.192167685392	0.0156851	0.0086047
hs	0	0	0	NA	13.907692	15.516476	9.887179	11.897436	29	-1.608784	-15.092308	-13.483524	4.020513	-3.61904	NA	NA	NA	NA	NA	NA	NA	NA	NA	NA	0.109694	0.045	0.035	0.06	0.777778	NA	NA	NA	NA	NA	NA	NA	NA	-1.00512584401	-0.802475673946	0.0235503	0.0161969
hs	0.2	0.2	0.1875	0.114114	14.571795	13.400593	13.633333	14.102564	15	1.171202	-0.428205	-1.599407	0.938462	0.701971	5.214286	4.242424	6.214286	5.714286	2	0.971861	3.214286	2.242424	-1	1.471861	0.145406	0.03625	0.03375	0.04125	0.931034	0.0660942	0.00635555	90.2679	21.9909	2.34175255024	0.05973865	1.41215318407	68.277	-0.390589850115	-0.845493682423	0.00229004	0.00720189
hs	0.975	0.025	-0.025	0.016807	5.723077	11.28471	12.430769	9.076923	29	-5.561633	-23.276923	-17.71529	-6.707692	-2.207787	5.31444	10.407053	8.790823	7.052632	27	-5.092613	-21.68556	-16.592947	-3.476383	-3.354421	0.128188	0.11	0.02	0.14	0.181818	NA	NA	NA	NA	NA	NA	NA	NA	-0.328706514869	-0.58457772619	0.0162612	0.0333651
hs	0.875	0.125	0.85	0.754803	4.319231	10.344318	18.398718	11.358974	19	-6.025087	-14.680769	-8.655682	-14.079487	1.014657	1.226891	3.399535	7.243697	4.235294	7	-2.172644	-5.773109	-3.600465	-6.016807	0.835759	0.294255	0.43375	0.01125	0.49875	0.025937	0.124906	0.0157522	136.255	28	2.07058141635	0.1091538	1.58232361994	108.255	1.71672762498	1.70766025791	0.066844	0.0669512
hs	1	0	1	1	0.3	1.410589	0.007692	0.153846	6	-1.110589	-5.7	-4.589411	0.292308	-1.256743	0.3	1.410589	0.007692	0.153846	6	-1.110589	-5.7	-4.589411	0.292308	-1.256743	0.000657	0.72625	0.00375	0.76875	0.005164	NA	NA	NA	NA	NA	NA	NA	NA	2.47361989726	2.13852245743	0.1761627	0.1683659
hs	0.95	0.05	0.9375	0.890788	1.948718	6.347649	7.384615	4.666667	18	-4.398931	-16.051282	-11.652351	-5.435897	-1.680983	1.486486	4.998112	2.027027	1.756757	15	-3.511626	-13.513514	-10.001888	-0.540541	-3.241356	0.058589	0.18125	0.02125	0.24125	0.117241	0.0532536	0.0268677	80.3642	49	0.684140586295	0.0263859	0.494748505279	31.3642	0.510138213456	0.379578073215	0.0148179	0.0120866
hs	0.05	0.05	-0.25	0.091653	9.187179	18.102556	2.915385	6.051282	35	-8.915376	-25.812821	-16.897444	6.271795	-12.051274	NA	NA	NA	NA	NA	NA	NA	NA	NA	NA	0.057752	0.03375	0.03125	0.03875	0.925926	0.0698301	0.0116112	154	29.0028	1.79409499936	0.0582189	1.66956022536	124.9972	-0.0208736142092	0.173563748655	0.0002217	0.00162324
hs	0	0	0	NA	3.144872	9.874121	5.624359	4.384615	30	-6.72925	-26.855128	-20.125879	-2.479487	-5.489506	NA	NA	NA	NA	NA	NA	NA	NA	NA	NA	0.062256	0.1325	0.026875	0.1975	0.20283	NA	NA	NA	NA	NA	NA	NA	NA	-0.160323419932	-0.323735057013	0.0046888	0.0104292
hs	0.975	0.025	-0.025	0.016807	2.511538	9.874121	19.591026	11.051282	28	-7.362583	-25.488462	-18.125879	-17.079487	1.177161	1.703104	5.913098	0.08637	0.894737	21	-4.209994	-19.296896	-15.086902	1.616734	-5.018361	0.171592	0.15	0.0275	0.22	0.183333	NA	NA	NA	NA	NA	NA	NA	NA	-0.0263550237659	0.22727077828	0.0015513	0.0115845
hs	0.05	0.05	0.05	0.033898	12.715385	12.460201	13.130769	12.923077	16	0.255184	-3.284615	-3.539799	-0.415385	0.462876	NA	NA	NA	NA	NA	NA	NA	NA	NA	NA	0.209236	0.04375	0.038125	0.055	0.871429	0.0448873	0.0119539	73	26.3151	1.32309731899	0.0329334	1.02031652224	46.6849	-0.668412630216	-0.140417816116	0.0101494	0.0015495
hs	0	0	0	NA	2.858974	7.993336	0.217949	1.538462	20	-5.134362	-17.141026	-12.006664	2.641026	-6.454875	NA	NA	NA	NA	NA	NA	NA	NA	NA	NA	0.002093	0.12875	0.023125	0.16125	0.179612	NA	NA	NA	NA	NA	NA	NA	NA	0.216517880698	0.0959582470373	0.0052707	0.0025224
hs	0.925	0.075	-0.075	0.051282	5.420513	11.519808	15.912821	10.666667	15	-6.099295	-9.579487	-3.480192	-10.492308	-0.853142	3.357357	8.384119	4.142643	3.75	15	-5.026761	-11.642643	-6.615881	-0.785285	-4.634119	0.179547	0.06	0.0375	0.09	0.625	0.0240307	0.081627	44.4752	100	-1.22282791002	0.0575963	-0.810238455538	55.5248	-0.58561988301	-0.427527377203	0.0165229	0.0105445
hs	0	0	0	NA	2.233333	7.052944	0.125641	1.179487	21	-4.81961	-18.766667	-13.947056	2.107692	-5.873457	NA	NA	NA	NA	NA	NA	NA	NA	NA	NA	0.001764	0.0825	0.0425	0.1325	0.515152	NA	NA	NA	NA	NA	NA	NA	NA	0.10487039955	0.110833329858	0.0043347	0.0045642
hs	0.1	0.1	0.1	0.068966	11.14359	12.930397	5.882051	8.512821	17	-1.786807	-5.85641	-4.069603	5.261538	-4.417576	0.5	0.545455	0.166667	0.333333	1	-0.045455	-0.5	-0.454545	0.333333	-0.212121	0.143395	0.04125	0.035625	0.0525	0.863636	0.0957503	0.0107995	143.167	16.8627	2.18224392445	0.0849508	2.13890769894	126.3043	-0.845090598528	-0.878724635496	0.0135454	0.0141702
hs	0	0	0	NA	3.508974	9.168827	7.516667	5.512821	19	-5.659853	-15.491026	-9.831173	-4.007692	-3.656006	NA	NA	NA	NA	NA	NA	NA	NA	NA	NA	0.045642	0.06375	0.033125	0.09875	0.519608	NA	NA	NA	NA	NA	NA	NA	NA	0.120162547582	-0.0839622899809	0.00251	0.0019784
hs	0.825	0.175	0.825	0.758621	6.726923	14.811182	23.170513	14.948718	32	-8.084259	-25.273077	-17.188818	-16.44359	0.137536	1.465909	4.435141	9.659091	5.5625	10	-2.969232	-8.534091	-5.564859	-8.193182	1.127359	0.140728	0.21	0.029375	0.31625	0.139881	0.0555432	0.002628	111.736	7	3.05093799573	0.0529152	2.77022879695	104.736	1.05054603774	0.834568824862	0.0203976	0.0178553
hs	0.625	0.375	0.6125	0.491817	18.452564	18.102556	19.547436	19	29	0.350008	-10.547436	-10.897444	-1.094872	0.897444	13.546667	12.712005	24.37	18.958333	14	0.834661	-0.453333	-1.287995	-10.823333	6.246328	0.200996	0.075	0.024375	0.0975	0.325	0.0470949	0.00678947	83.0283	20.8476	1.93679183235	0.04030543	1.38194267983	62.1807	-0.304617130536	-0.263402871359	0.0056186	0.0044169
hs	0.925	0.075	0.9125	0.855584	5.748718	12.225103	23.071795	14.410256	14	-6.476385	-8.251282	-1.774897	-17.323077	2.185154	2.27027	6.946841	5.951952	4.111111	16	-4.676571	-13.72973	-9.053159	-3.681682	-2.83573	0.330231	0.12	0.03	0.165	0.25	0.0367761	0.0232153	81.7402	48	0.460036633597	0.0135608	0.532344914008	33.7402	0.282923514481	0.352157490892	0.0070467	0.0084459
hs	0	0	0	NA	2.539744	5.407257	0.280769	1.410256	8	-2.867513	-5.460256	-2.592743	2.258974	-3.997001	NA	NA	NA	NA	NA	NA	NA	NA	NA	NA	0.040174	0.07625	0.045625	0.11125	0.598361	NA	NA	NA	NA	NA	NA	NA	NA	-0.173245928737	-0.186034013015	0.0068339	0.0073636
hs	0	0	0	NA	17.689744	26.33099	27.848718	22.769231	48	-8.641247	-30.310256	-21.66901	-10.158974	-3.561759	NA	NA	NA	NA	NA	NA	NA	NA	NA	NA	0.122465	0.04125	0.03125	0.05625	0.757576	NA	NA	NA	NA	NA	NA	NA	NA	0.063936251005	0.0157651550492	0.00049278	0.00012445
hs	0.2	0.2	0.1875	0.114114	14.694872	23.274715	5.715385	10.205128	35	-8.579843	-20.305128	-11.725285	8.979487	-13.069586	5.392857	7.327824	9.75	7.571429	11	-1.934967	-5.607143	-3.672176	-4.357143	0.243605	0.046486	0.0325	0.03	0.0375	0.923077	0.0206753	0.00700677	79.8571	29.4002	1.08206292655	0.01366853	0.999237310384	50.4569	-0.630195223015	-0.387805109367	0.00406377	0.00215451
hs	0.875	0.125	0.75	0.549333	2.338462	7.288042	5.353846	3.846154	18	-4.94958	-15.661538	-10.711958	-3.015385	-3.441888	1.351261	4.613655	0.060504	0.705882	15	-3.262394	-13.648739	-10.386345	1.290756	-3.907773	0.125695	0.29125	0.015625	0.34375	0.053648	NA	NA	104.608	42.3	NA	NA	0.90543294449	62.308	1.19372171584	1.03873089089	0.036794	0.0317674
hs	0.55	0.45	0.275	0.079545	7.051282	10.814514	9.666667	8.358974	17	-3.763232	-9.948718	-6.185486	-2.615385	-2.455539	1.731602	3.566179	5.69697	3.714286	6	-1.834577	-4.268398	-2.433821	-3.965368	0.148107	0.113845	0.1175	0.0275	0.1625	0.234043	0.0467337	0.00860504	105.052	32.134	1.69211745372	0.03812866	1.18454080604	72.918	-0.335504228059	0.549904784361	0.0051267	0.00418127
hs	1	0	0.975	0.930403	1.54359	4.466864	1.94359	1.74359	11	-2.923275	-9.45641	-6.533136	-0.4	-2.723275	1.54359	4.466864	1.94359	1.74359	11	-2.923275	-9.45641	-6.533136	-0.4	-2.723275	0.014674	0.21125	0.030625	0.3175	0.14497	NA	NA	NA	NA	NA	NA	NA	NA	1.39640892569	1.35618590229	0.0413512	0.0402967
hs	0	0	0	NA	1.221795	3.996668	0.060256	0.641026	11	-2.774873	-9.778205	-7.003332	1.161538	-3.355643	NA	NA	NA	NA	NA	NA	NA	NA	NA	NA	0.00151	0.22875	0.02625	0.31875	0.114754	NA	NA	NA	NA	NA	NA	NA	NA	-0.0351600991818	-0.215593697532	0.0022641	0.0152527
hs	0.05	0.05	-0.625	0.363839	16.115385	16.691967	13.217949	14.666667	23	-0.576582	-6.884615	-6.308033	2.897436	-2.0253	NA	NA	NA	NA	NA	NA	NA	NA	NA	NA	0.112702	0.0475	0.031875	0.06625	0.671053	0.0134752	0.00807109	33	23.1053	0.512562417671	0.00540411	0.356445533026	9.8947	-0.685279383879	-0.829413821895	0.00650739	0.00859432
hs	0	0	0	NA	14.819231	15.04628	13.129487	13.974359	24	-0.227049	-9.180769	-8.95372	1.689744	-1.071921	NA	NA	NA	NA	NA	NA	NA	NA	NA	NA	0.118129	0.05	0.034375	0.06875	0.6875	NA	NA	NA	NA	NA	NA	NA	NA	-0.699045357191	-1.11311367303	0.00866511	0.01754647
hs	0	0	0	NA	3.467949	7.52314	1.814103	2.641026	17	-4.055191	-13.532051	-9.47686	1.653846	-4.882114	NA	NA	NA	NA	NA	NA	NA	NA	NA	NA	0.068116	0.0825	0.0425	0.1225	0.515152	NA	NA	NA	NA	NA	NA	NA	NA	-0.332854832368	-0.35749677058	0.0157643	0.0171864
hs	1	0	0.9875	0.963878	0.15	0.705294	0.003846	0.076923	3	-0.555294	-2.85	-2.294706	0.146154	-0.628371	0.15	0.705294	0.003846	0.076923	3	-0.555294	-2.85	-2.294706	0.146154	-0.628371	0.000657	0.8575	0.001875	0.90375	0.002187	NA	NA	NA	NA	NA	NA	NA	NA	2.1823542098	2.25577864172	0.0814235	0.0821562
hs	0.875	0.125	-0.1	0.04804	10.078205	13.165495	27.716667	18.897436	15	-3.08729	-4.921795	-1.834505	-17.638462	5.731941	4.803361	9.955782	15.196639	10	15	-5.15242	-10.196639	-5.044218	-10.393277	0.044218	0.236622	0.05625	0.04625	0.07625	0.822222	0.0282726	0.0567351	59.6244	104.15	-0.696499929059	0.0284625	-0.557767281442	44.5256	-0.250812473082	-0.65026134287	0.0061098	0.0209659
hs	0.925	0.075	-0.05	0.024348	9.079487	10.814514	17.176923	13.128205	15	-1.735027	-5.920513	-4.185486	-8.097436	2.313691	7.327327	9.342304	17.006006	12.166667	13	-2.014976	-5.672673	-3.657696	-9.678679	2.824363	0.290449	0.18125	0.02125	0.24125	0.117241	0.0493802	0.0240136	73.2297	38.3333	0.720929197612	0.0253666	0.647282106253	34.8964	-0.465486747682	-0.36468434007	0.0253156	0.0187684
hs	0.825	0.175	0.8125	0.722982	7.614103	13.400593	22.591026	15.102564	24	-5.786491	-16.385897	-10.599407	-14.976923	1.701971	2.454545	8.623886	17.170455	9.8125	24	-6.169341	-21.545455	-15.376114	-14.715909	1.188614	0.244918	0.20125	0.020625	0.265	0.102484	0.0719292	0.0431053	109.285	36.6429	0.512036342506	0.0288239	1.09273946366	72.6421	1.25776781844	1.2847998718	0.0304859	0.031027
hs	0.975	0.025	-0.025	0.016807	2.266667	8.463533	15.476923	8.871795	22	-6.196866	-19.733333	-13.536467	-13.210256	0.408262	1.560054	5.203526	1.91363	1.736842	15	-3.643472	-13.439946	-9.796474	-0.353576	-3.466684	0.172295	0.2675	0.0175	0.3175	0.065421	NA	NA	NA	NA	NA	NA	NA	NA	0.255066018219	0.137342402406	0.0125099	0.0071041
hs	0	0	0	NA	1.473077	4.231766	0.116667	0.794872	12	-2.758689	-10.526923	-7.768234	1.35641	-3.436894	NA	NA	NA	NA	NA	NA	NA	NA	NA	NA	0.060855	0.15	0.044375	0.2475	0.295833	NA	NA	NA	NA	NA	NA	NA	NA	-0.163029313596	-0.255088973356	0.0073081	0.0119927
hs	0.1	0.1	-0.175	0.049918	20.466667	23.509813	18.302564	19.384615	31	-3.043146	-10.533333	-7.490187	2.164103	-4.125197	9.333333	8.727273	12	10.666667	4	0.606061	5.333333	4.727273	-2.666667	1.939394	0.104851	0.03625	0.030625	0.04375	0.844828	0.0679205	0.00688153	111.083	26.0881	2.28949689264	0.06103897	1.44879839798	84.9949	0.167943385087	0.0382245592061	0.00084699	0.00020231
hs	0	0	0	NA	0.987179	3.526472	0.038462	0.512821	10	-2.539292	-9.012821	-6.473528	0.948718	-3.013651	NA	NA	NA	NA	NA	NA	NA	NA	NA	NA	0.072585	0.405	0.014375	0.4675	0.035494	NA	NA	NA	NA	NA	NA	NA	NA	0.209478984615	-0.198064757117	0.0172453	0.0203096
hs	0	0	0	NA	2.748718	7.052944	2.071795	2.410256	19	-4.304226	-16.251282	-11.947056	0.676923	-4.642687	NA	NA	NA	NA	NA	NA	NA	NA	NA	NA	0.036998	0.1025	0.04	0.1525	0.390244	NA	NA	NA	NA	NA	NA	NA	NA	-0.228376033097	-0.429869712996	0.0108341	0.0229759
hs	1	0	0.95	0.870813	1.998718	5.877453	5.642308	3.820513	12	-3.878735	-10.001282	-6.122547	-3.64359	-2.05694	1.998718	5.877453	5.642308	3.820513	12	-3.878735	-10.001282	-6.122547	-3.64359	-2.05694	0.188415	0.34625	0.015625	0.40375	0.045126	NA	NA	NA	NA	NA	NA	NA	NA	1.83012401795	1.53418220651	0.0550503	0.0509138
hs	0.975	0.025	0.975	0.962963	2.819231	7.993336	18.770513	10.794872	17	-5.174106	-14.180769	-9.006664	-15.951282	2.801535	2.008097	4.967003	7.307692	4.657895	10	-2.958905	-7.991903	-5.032997	-5.299595	-0.309108	0.384259	0.32875	0.02625	0.46625	0.079848	NA	NA	NA	NA	NA	NA	NA	NA	0.964738694574	0.761586767344	0.0328663	0.0282082
hs	0	0	0	NA	1.641026	4.701963	0.102564	0.871795	12	-3.060937	-10.358974	-7.298037	1.538462	-3.830168	NA	NA	NA	NA	NA	NA	NA	NA	NA	NA	0.106993	0.1575	0.035	0.245	0.222222	NA	NA	NA	NA	NA	NA	NA	NA	0.200587148352	0.126473888579	0.0057767	0.0038516
hs	0.15	0.15	0.15	0.105263	14.202564	19.278046	19.951282	17.076923	33	-5.075482	-18.797436	-13.721954	-5.748718	-2.201123	6.733333	6.569343	8.866667	7.8	5	0.16399	1.733333	1.569343	-2.133333	1.230657	0.173806	0.0375	0.031875	0.045	0.85	0.07111	0.00998755	110.233	27.9848	1.96288865656	0.06112245	1.37093480179	82.2482	-0.985696590845	-0.832047058777	0.01338626	0.01011356
hs	0.925	0.075	0.9125	0.855584	5.975641	15.751574	41.973077	23.974359	21	-9.775933	-15.024359	-5.248426	-35.997436	8.222784	2.216216	6.228202	5.617117	3.916667	12	-4.011986	-9.783784	-5.771798	-3.400901	-2.311536	0.339871	0.11875	0.02875	0.16375	0.242105	0.0350694	0.038471	107.452	72	-0.0925757553417	0.0034016	0.400378117208	35.452	0.784076588446	0.863330991955	0.0150249	0.0157577
hs	0	0	0	NA	2.571795	8.228434	0.197436	1.384615	26	-5.65664	-23.428205	-17.771566	2.374359	-6.843819	NA	NA	NA	NA	NA	NA	NA	NA	NA	NA	0.045668	0.12375	0.03375	0.18375	0.272727	NA	NA	NA	NA	NA	NA	NA	NA	-0.550969454546	0.0969465349708	0.0302701	0.0037489
hs	0.975	0.025	0.0375	0.008772	5.958974	12.695299	11.887179	8.923077	29	-6.736324	-23.041026	-16.304701	-5.928205	-3.772222	5.238866	9.697481	8.392713	6.815789	18	-4.458615	-12.761134	-8.302519	-3.153846	-2.881692	0.135118	0.045	0.039375	0.05625	0.875	NA	NA	NA	NA	NA	NA	NA	NA	-0.324214704106	-0.402900646634	0.0101952	0.0133023
hs	0	0	0	NA	2.562821	8.463533	0.155128	1.358974	28	-5.900712	-25.437179	-19.536467	2.407692	-7.104558	NA	NA	NA	NA	NA	NA	NA	NA	NA	NA	0.039467	0.06625	0.04375	0.11125	0.660377	NA	NA	NA	NA	NA	NA	NA	NA	-0.0702601212237	-0.0814105944045	0.0026412	0.0030705
hs	0	0	-0.0875	0.04804	18.324359	23.039616	15.060256	16.692308	27	-4.715257	-8.675641	-3.960384	3.264103	-6.347309	NA	NA	NA	NA	NA	NA	NA	NA	NA	NA	0.132182	0.0375	0.031875	0.045	0.85	NA	NA	NA	NA	NA	NA	NA	NA	-0.18565277791	-0.0900630845243	0.00112596	0.00050865
hs	0.9	0.1	0.9	0.857143	4.15	9.639023	17.747436	10.948718	19	-5.489023	-14.85	-9.360977	-13.597436	1.309695	0.860317	2.65266	0.053968	0.457143	9	-1.792342	-8.139683	-6.34734	0.806349	-2.195517	0.393642	0.32875	0.02625	0.43875	0.079848	NA	NA	144.369	104	NA	NA	0.32798162283	40.369	1.59811534151	0.617393408761	0.0403453	0.0240432
hs	0	0	0	NA	25.248718	21.158831	19.674359	22.461538	14	4.089887	11.248718	7.158831	5.574359	1.302707	NA	NA	NA	NA	NA	NA	NA	NA	NA	NA	0.190871	0.05	0.04	0.065	0.8	NA	NA	NA	NA	NA	NA	NA	NA	-0.401099675083	-0.543585447516	0.00419877	0.00615038
hs	0	0	0	NA	1.991026	4.466864	0.214103	1.102564	11	-2.475839	-9.008974	-6.533136	1.776923	-3.3643	NA	NA	NA	NA	NA	NA	NA	NA	NA	NA	0.03574	0.13	0.04	0.19	0.307692	NA	NA	NA	NA	NA	NA	NA	NA	-0.137066989188	-0.141838638319	0.0047828	0.0049226
hs	0.975	0.025	0.9125	0.800837	2.266667	5.642355	11.374359	6.820513	9	-3.375688	-6.733333	-3.357645	-9.107692	1.178158	1.732794	4.257431	5.793522	3.763158	7	-2.524637	-5.267206	-2.742569	-4.060729	-0.494273	0.24097	0.22625	0.045625	0.375	0.201657	NA	NA	NA	NA	NA	NA	NA	NA	1.4528936691	1.59174639612	0.0415182	0.0431615
hs	0	0	0	NA	2.821795	7.52314	0.30641	1.564103	18	-4.701345	-15.178205	-10.47686	2.515385	-5.959037	NA	NA	NA	NA	NA	NA	NA	NA	NA	NA	0.021544	0.08375	0.033125	0.12875	0.395522	NA	NA	NA	NA	NA	NA	NA	NA	-0.0449032127849	-0.164905936214	0.0010644	0.0041845
hs	0	0	0	NA	2.851282	7.52314	0.225641	1.538462	18	-4.671858	-15.148718	-10.47686	2.625641	-5.984679	NA	NA	NA	NA	NA	NA	NA	NA	NA	NA	0.046497	0.06875	0.038125	0.10375	0.554545	NA	NA	NA	NA	NA	NA	NA	NA	-0.0550516375108	0.045542162811	0.0011547	0.0008967
hs	1	0	1	1	0.05	0.235098	0.001282	0.025641	1	-0.185098	-0.95	-0.764902	0.048718	-0.209457	0.05	0.235098	0.001282	0.025641	1	-0.185098	-0.95	-0.764902	0.048718	-0.209457	NA	0.95125	0.000625	1	0.000657	NA	NA	NA	NA	NA	NA	NA	NA	2.76415941178	2.2995817905	0.3308257	0.3176658
hs	0.1	0.1	0.1	0.068966	10.112821	11.990004	9.271795	9.692308	15	-1.877184	-4.887179	-3.009996	0.841026	-2.297697	1	1.090909	0.333333	0.666667	2	-0.090909	-1	-0.909091	0.666667	-0.424242	0.149113	0.07375	0.03375	0.10375	0.457627	0.0647952	0.00958466	135	30.9167	1.91106762276	0.05521054	1.47397828745	104.0833	-0.437124410521	-0.689844440336	0.00382296	0.00702583
hs	0	0	0	NA	1.648718	4.937061	0.094872	0.871795	14	-3.288343	-12.351282	-9.062939	1.553846	-4.065266	NA	NA	NA	NA	NA	NA	NA	NA	NA	NA	0.001812	0.2925	0.016875	0.37125	0.057692	NA	NA	NA	NA	NA	NA	NA	NA	0.157213423427	0.11962398341	0.0063152	0.0050036
hs	0.875	0.125	0.0875	0.012059	4.284615	11.049612	18.997436	11.641026	26	-6.764997	-21.715385	-14.950388	-14.712821	0.591414	2.084034	7.527542	7.857143	4.970588	23	-5.443509	-20.915966	-15.472458	-5.773109	-2.556954	0.17746	0.13	0.024375	0.17875	0.1875	NA	NA	82.1067	32.1	NA	NA	0.939163590788	50.0067	0.257629727385	0.105460671771	0.0060635	0.0028094
hs	0.975	0.025	0.975	0.962963	1.297436	5.877453	17.574359	9.435897	15	-4.580017	-13.702564	-9.122547	-16.276923	3.558444	0.304993	1.18262	0.010796	0.157895	4	-0.877626	-3.695007	-2.81738	0.294197	-1.024725	0.708583	0.7275	0.005	0.8125	0.006873	NA	NA	NA	NA	NA	NA	NA	NA	2.44405036872	2.55270328477	0.1830264	0.1854457
hs	0	0	0	NA	2.302564	6.582748	0.158974	1.230769	18	-4.280183	-15.697436	-11.417252	2.14359	-5.351978	NA	NA	NA	NA	NA	NA	NA	NA	NA	NA	0.02676	0.18	0.02	0.22	0.111111	NA	NA	NA	NA	NA	NA	NA	NA	0.181084200201	0.138944310039	0.0063224	0.0048569
hs	0	0	0	NA	1.630769	4.701963	0.112821	0.871795	13	-3.071193	-11.369231	-8.298037	1.517949	-3.830168	NA	NA	NA	NA	NA	NA	NA	NA	NA	NA	0.055181	0.14375	0.038125	0.225	0.265217	NA	NA	NA	NA	NA	NA	NA	NA	0.238177461671	0.323400917445	0.0086613	0.0112025
hs	0	0	0	NA	3.594872	7.993336	10.148718	6.871795	17	-4.398465	-13.405128	-9.006664	-6.553846	-1.121541	NA	NA	NA	NA	NA	NA	NA	NA	NA	NA	0.130251	0.0725	0.0325	0.1025	0.448276	NA	NA	NA	NA	NA	NA	NA	NA	0.261559820239	0.27414557925	0.0085652	0.0090022
hs	0	0	0	NA	3.075641	5.877453	0.565385	1.820513	10	-2.801812	-6.924359	-4.122547	2.510256	-4.05694	NA	NA	NA	NA	NA	NA	NA	NA	NA	NA	0.064761	0.14375	0.068125	0.2675	0.473913	NA	NA	NA	NA	NA	NA	NA	NA	-0.637515775988	-0.245238851842	0.0378144	0.0112013
hs	0.05	0.05	0.05	0.033898	21.498718	23.509813	16.398718	18.948718	24	-2.011095	-2.501282	-0.490187	5.1	-4.561095	NA	NA	NA	NA	NA	NA	NA	NA	NA	NA	0.139901	0.04125	0.035625	0.0525	0.863636	NA	NA	200	27.5021	NA	NA	1.98405500115	172.4979	-0.425191406735	-0.290991302492	0.00443224	0.002769
hs	0	0	0	NA	4.478205	13.635691	3.470513	3.974359	41	-9.157486	-36.521795	-27.364309	1.007692	-9.661332	NA	NA	NA	NA	NA	NA	NA	NA	NA	NA	0.065405	0.04	0.034375	0.05125	0.859375	NA	NA	NA	NA	NA	NA	NA	NA	-0.289109101994	-0.329871275753	0.0061329	0.0072117
hs	0.975	0.025	0.975	0.962963	1.939744	5.877453	4.060256	3	16	-3.93771	-14.060256	-10.122547	-2.120513	-2.877453	1.473684	3.547859	0.157895	0.815789	8	-2.074175	-6.526316	-4.452141	1.315789	-2.732069	0.334835	0.27875	0.02875	0.40375	0.103139	NA	NA	NA	NA	NA	NA	NA	NA	1.09905396065	0.591703397373	0.0292956	0.0196215
hs	0.925	0.075	0.925	0.891566	4.378205	10.814514	32.801282	18.589744	14	-6.436309	-9.621795	-3.185486	-28.423077	7.77523	1.471471	4.311832	3.861862	2.666667	10	-2.840361	-8.528529	-5.688168	-2.39039	-1.645166	0.280281	0.25	0.024375	0.345	0.0975	NA	NA	105.318	70.6667	NA	NA	0.399009887	34.6513	1.54061567849	1.40238306498	0.0417537	0.0400239
hs	0	0	0	NA	1.508974	4.466864	0.080769	0.794872	11	-2.95789	-9.491026	-6.533136	1.428205	-3.671993	NA	NA	NA	NA	NA	NA	NA	NA	NA	NA	0.019304	0.2475	0.021875	0.31875	0.088384	NA	NA	NA	NA	NA	NA	NA	NA	0.092971603449	0.118481321033	0.0027863	0.0034814
hs	0.725	0.275	0.725	0.637363	11.971795	12.695299	12.438462	12.205128	23	-0.723504	-11.028205	-10.304701	-0.466667	-0.490171	1.729064	3.310271	2.699507	2.214286	9	-1.581207	-7.270936	-5.689729	-0.970443	-1.095985	0.300238	0.21	0.029375	0.31625	0.139881	0.0885156	0.0143474	118.451	34.4	1.81961006655	0.0741682	1.23644280857	84.051	0.603572415236	0.867877351465	0.0147154	0.01884
hs	0	0	0	NA	2.447436	5.877453	0.167949	1.307692	10	-3.430017	-7.552564	-4.122547	2.279487	-4.569761	NA	NA	NA	NA	NA	NA	NA	NA	NA	NA	0.071246	0.12	0.044375	0.18875	0.369792	NA	NA	NA	NA	NA	NA	NA	NA	0.102068552038	0.104761990433	0.0044049	0.0044356
hs	0.125	0.125	0.125	0.086957	13.089744	11.754906	10.5	11.794872	12	1.334837	1.089744	-0.245094	2.589744	0.039965	0.4	0.48	0.1	0.25	1	-0.08	-0.6	-0.52	0.3	-0.23	0.158202	0.055	0.045	0.075	0.818182	NA	NA	171	21.4647	NA	NA	2.07525383116	149.5353	-0.823991531889	-0.941884905506	0.00983432	0.01258512
hs	0	0	0	NA	1.237179	4.701963	0.044872	0.641026	15	-3.464783	-13.762821	-10.298037	1.192308	-4.060937	NA	NA	NA	NA	NA	NA	NA	NA	NA	NA	0.000985	0.37125	0.01125	0.43125	0.030303	NA	NA	NA	NA	NA	NA	NA	NA	-0.0888327901244	0.171781570419	0.0048617	0.0081861
hs	0.625	0.375	0.6125	0.491817	9.007692	11.754906	16.223077	12.615385	17	-2.747214	-7.992308	-5.245094	-7.215385	0.860478	2.093333	4.502169	4.24	3.166667	11	-2.408835	-8.906667	-6.497831	-2.146667	-1.335502	0.211825	0.1	0.0375	0.15	0.375	0.0723874	0.0179328	94.155	31.1571	1.39540081282	0.0544546	1.1059002118	62.9979	0.612039776723	0.425931637778	0.0095363	0.0074141
hs	1	0	0.9875	0.963878	0.45	2.115883	0.011538	0.230769	9	-1.665883	-8.55	-6.884117	0.438462	-1.885114	0.45	2.115883	0.011538	0.230769	9	-1.665883	-8.55	-6.884117	0.438462	-1.885114	0.125575	0.685	0.004375	0.72625	0.006387	NA	NA	NA	NA	NA	NA	NA	NA	1.92199722522	1.64505485031	0.0897104	0.0816682
hs	0.975	0.025	0.9625	0.926875	0.4	1.880785	1.958974	1.179487	7	-1.480785	-6.6	-5.119215	-1.558974	-0.701298	0.205128	0.946096	0.005398	0.105263	4	-0.740968	-3.794872	-3.053904	0.19973	-0.840833	0.286184	0.76875	0.003125	0.8125	0.004065	NA	NA	NA	NA	NA	NA	NA	NA	1.98307803308	1.86597348047	0.1467668	0.1438564
hs	0.8	0.2	-0.175	0.089091	7.179487	11.28471	13.230769	10.205128	5	-4.105223	2.179487	6.28471	-6.051282	-1.079582	4.193548	5.959409	7.935484	6.064516	5	-1.76586	-0.806452	0.959409	-3.741935	0.105107	0.207883	0.12375	0.03375	0.16875	0.272727	NA	NA	74.7107	33.5	NA	NA	0.802077882675	41.2107	-0.320906658076	-0.489991712723	0.0097804	0.0158959
hs	0	0	0	NA	9.369231	12.930397	26.733333	18.051282	15	-3.561166	-5.630769	-2.069603	-17.364103	5.120885	NA	NA	NA	NA	NA	NA	NA	NA	NA	NA	0.376709	0.11375	0.038125	0.1825	0.335165	NA	NA	NA	NA	NA	NA	NA	NA	0.0805707042794	0.201330827607	0.00197	0.0045227
hs	0	0	0	NA	2.080769	6.112551	0.124359	1.102564	16	-4.031782	-13.919231	-9.887449	1.95641	-5.009987	NA	NA	NA	NA	NA	NA	NA	NA	NA	NA	0.121382	0.265	0.015	0.315	0.056604	NA	NA	NA	NA	NA	NA	NA	NA	0.319455595985	-0.0180354130298	0.0104113	0.0007131
hs	0	0	0	NA	12.671795	19.748243	5.482051	9.076923	28	-7.076448	-15.328205	-8.251757	7.189744	-10.67132	NA	NA	NA	NA	NA	NA	NA	NA	NA	NA	0.052015	0.04375	0.03375	0.05375	0.771429	NA	NA	NA	NA	NA	NA	NA	NA	-1.04249811262	-1.38254191437	0.01551119	0.02772691
hs	0	0	0	NA	3.394872	7.52314	8.297436	5.846154	14	-4.128268	-10.605128	-6.47686	-4.902564	-1.676986	NA	NA	NA	NA	NA	NA	NA	NA	NA	NA	0.178793	0.2425	0.016875	0.29	0.069588	NA	NA	NA	NA	NA	NA	NA	NA	-0.270092086862	-0.59690612417	0.0121976	0.0334031
hs	1	0	1	1	0.492308	1.880785	0.020513	0.25641	7	-1.388477	-6.507692	-5.119215	0.471795	-1.624375	0.492308	1.880785	0.020513	0.25641	7	-1.388477	-6.507692	-5.119215	0.471795	-1.624375	0.001064	0.64875	0.00875	0.76875	0.013487	NA	NA	NA	NA	NA	NA	NA	NA	2.13596673576	2.28187282548	0.1099374	0.1119367
hs	0.975	0.025	0.95	0.893486	2.253846	7.758238	13.233333	7.74359	20	-5.504392	-17.746154	-12.241762	-10.979487	-0.014648	1.665317	6.149622	5.703104	3.684211	20	-4.484305	-18.334683	-13.850378	-4.037787	-2.465412	0.135412	0.18	0.02	0.24	0.111111	NA	NA	NA	NA	NA	NA	NA	NA	1.27286849207	1.14414290593	0.0498453	0.0454977
hs	0	0	0	NA	2.338462	7.993336	7.917949	5.128205	23	-5.654875	-20.661538	-15.006664	-5.579487	-2.865131	NA	NA	NA	NA	NA	NA	NA	NA	NA	NA	0.213299	0.18375	0.02375	0.24375	0.129252	NA	NA	NA	NA	NA	NA	NA	NA	0.460245645532	0.409158879162	0.016196	0.0147269
hs	0.975	0.025	0.9625	0.926875	0.642308	2.586079	1.973077	1.307692	9	-1.943772	-8.357692	-6.413921	-1.330769	-1.278387	0.556005	2.128715	0.022942	0.289474	8	-1.57271	-7.443995	-5.871285	0.533063	-1.839242	0.000942	0.57	0.0075	0.645	0.013158	NA	NA	NA	NA	NA	NA	NA	NA	1.60562770969	1.10879091452	0.0712043	0.0598453
hs	0	0	0	NA	2.3	5.877453	0.161538	1.230769	13	-3.577453	-10.7	-7.122547	2.138462	-4.646684	NA	NA	NA	NA	NA	NA	NA	NA	NA	NA	0.053595	0.095	0.0325	0.145	0.342105	NA	NA	NA	NA	NA	NA	NA	NA	0.192547628994	0.126906075251	0.0086292	0.0058932
hs	0.925	0.075	0.925	0.891566	3.14359	6.817846	19.728205	11.435897	9	-3.674256	-5.85641	-2.182154	-16.584615	4.618052	0.483483	1.91637	3.794294	2.138889	6	-1.432887	-5.516517	-4.08363	-3.310811	0.222519	0.731458	0.7275	0.005	0.8125	0.006873	0.184545	0.046562	177.125	76.6667	1.37710857835	0.137983	0.837388242973	100.4583	2.0164150742	2.00687024372	0.1146043	0.1144355
hs	0	0	0	NA	4.657692	7.993336	10.778205	7.717949	11	-3.335644	-6.342308	-3.006664	-6.120513	-0.275388	NA	NA	NA	NA	NA	NA	NA	NA	NA	NA	0.276272	0.08	0.04	0.13	0.5	NA	NA	NA	NA	NA	NA	NA	NA	0.191494738752	0.208129213512	0.0069262	0.0074581
hs	0	0	0	NA	18.821795	20.218439	17.332051	18.076923	24	-1.396644	-5.178205	-3.781561	1.489744	-2.141516	NA	NA	NA	NA	NA	NA	NA	NA	NA	NA	0.160547	0.0425	0.036875	0.05375	0.867647	NA	NA	NA	NA	NA	NA	NA	NA	-0.672040832492	-0.867353523874	0.00869626	0.01243202
hs	0	0	0	NA	2.330769	6.582748	0.130769	1.230769	14	-4.251978	-11.669231	-7.417252	2.2	-5.351978	NA	NA	NA	NA	NA	NA	NA	NA	NA	NA	0.038962	0.12125	0.03125	0.16625	0.257732	NA	NA	NA	NA	NA	NA	NA	NA	-0.24334741937	-0.156383981228	0.0058865	0.003619
hs	0	0	0	NA	2.075641	5.407257	0.232051	1.153846	18	-3.331616	-15.924359	-12.592743	1.84359	-4.253411	NA	NA	NA	NA	NA	NA	NA	NA	NA	NA	0.048457	0.17	0.0475	0.275	0.279412	NA	NA	NA	NA	NA	NA	NA	NA	0.0322013898397	0.27479389816	0.0012901	0.0097486
hs	1	0	0.9875	0.963878	2.066667	6.817846	11.164103	6.615385	16	-4.751179	-13.933333	-9.182154	-9.097436	-0.202461	2.066667	6.817846	11.164103	6.615385	16	-4.751179	-13.933333	-9.182154	-9.097436	-0.202461	0.143892	0.2675	0.0175	0.3175	0.065421	NA	NA	NA	NA	NA	NA	NA	NA	1.39697706906	1.40701058681	0.0347363	0.0349257
hs	0.025	0.025	0.0125	0.008475	15.162821	20.453537	13.196154	14.179487	30	-5.290717	-14.837179	-9.546463	1.966667	-6.27405	NA	NA	NA	NA	NA	NA	NA	NA	NA	NA	0.133199	0.045	0.039375	0.05625	0.875	NA	NA	NA	NA	NA	NA	NA	NA	-0.628693747387	-0.830636850048	0.0078851	0.01205739
hs	0	0	0	NA	5.487179	9.168827	3.538462	4.512821	13	-3.681647	-7.512821	-3.831173	1.948718	-4.656006	NA	NA	NA	NA	NA	NA	NA	NA	NA	NA	0.088221	0.0875	0.036875	0.12125	0.421429	NA	NA	NA	NA	NA	NA	NA	NA	-0.478263537816	-0.292242260078	0.0207329	0.0113567
hs	0.875	0.125	0.85	0.752849	5.921795	12.460201	22.334615	14.128205	21	-6.538406	-15.078205	-8.539799	-16.412821	1.668004	2.635294	8.984486	17.6	10.117647	22	-6.349192	-19.364706	-13.015514	-14.964706	1.133161	0.302455	0.16625	0.025625	0.2225	0.154135	0.0654283	0.0335144	117.666	69.75	0.668979689361	0.0319139	0.522932681825	47.916	1.33894448441	1.59682669853	0.0316813	0.03423958
hs	0	0	0	NA	1.529487	5.642355	0.060256	0.794872	18	-4.112868	-16.470513	-12.357645	1.469231	-4.847483	NA	NA	NA	NA	NA	NA	NA	NA	NA	NA	0.044597	0.1825	0.0225	0.2425	0.123288	NA	NA	NA	NA	NA	NA	NA	NA	0.139780814055	0.176211075943	0.0075693	0.0093743
hs	0.8	0.2	0.8	0.727273	9.45	16.456869	11.216667	10.333333	33	-7.006869	-23.55	-16.543131	-1.766667	-6.123536	2.868952	6.952643	7.131048	5	19	-4.083692	-16.131048	-12.047357	-4.262097	-1.952643	0.18019	0.15875	0.018125	0.19625	0.114173	0.0779415	0.0087493	106.618	19.1607	2.18698484813	0.0691922	1.71639104669	87.4573	0.484740945723	0.540462862374	0.0144774	0.0153665
hs	1	0	1	1	0.65	3.056276	3.914103	2.282051	11	-2.406276	-10.35	-7.943724	-3.264103	-0.774224	0.65	3.056276	3.914103	2.282051	11	-2.406276	-10.35	-7.943724	-3.264103	-0.774224	0.500329	0.72625	0.00375	0.76875	0.005164	NA	NA	NA	NA	NA	NA	NA	NA	2.35163543233	2.36942569175	0.2267694	0.2302205
hs	0.925	0.075	0.4	0.165483	4.780769	10.344318	17.937179	11.358974	14	-5.563548	-9.219231	-3.655682	-13.15641	1.014657	3.423423	7.905026	7.632132	5.527778	13	-4.481603	-9.576577	-5.094974	-4.208709	-2.377248	0.202069	0.13	0.04	0.19	0.307692	0.0286151	0.101682	62.7462	145.167	-1.26791574571	0.0730669	-0.838786785424	82.4208	0.592372697678	0.512865041098	0.0103552	0.0092231
hs	0.875	0.125	0.85	0.752849	3.384615	8.228434	6.358974	4.871795	20	-4.843819	-16.615385	-11.771566	-2.974359	-3.35664	1.630252	5.099303	2.016807	1.823529	12	-3.469051	-10.369748	-6.900697	-0.386555	-3.275773	0.073866	0.18375	0.02375	0.24375	0.129252	NA	NA	91.4748	63.9	NA	NA	0.35874416313	27.5748	0.778660852542	0.85399702253	0.0199991	0.0198891
hs	0	0	0	NA	2.889744	8.933729	3.879487	3.384615	26	-6.043985	-23.110256	-17.066271	-0.989744	-5.549113	NA	NA	NA	NA	NA	NA	NA	NA	NA	NA	0.028797	0.0525	0.036875	0.0775	0.702381	NA	NA	NA	NA	NA	NA	NA	NA	-0.333923328826	-0.26429521195	0.0156086	0.0119625
hs	0.975	0.025	0.9625	0.926875	2.587179	8.933729	25.310256	13.948718	18	-6.346549	-15.412821	-9.066271	-22.723077	5.014989	1.381916	4.257431	4.039136	2.710526	12	-2.875514	-10.618084	-7.742569	-2.65722	-1.546904	0.419462	0.2325	0.051875	0.4025	0.223118	NA	NA	NA	NA	NA	NA	NA	NA	1.8414455085	1.78009472663	0.0570166	0.0559706
hs	0	0	0	NA	1.532051	5.877453	0.057692	0.794872	20	-4.345402	-18.467949	-14.122547	1.474359	-5.082581	NA	NA	NA	NA	NA	NA	NA	NA	NA	NA	0.125955	0.24375	0.018125	0.315	0.074359	NA	NA	NA	NA	NA	NA	NA	NA	-0.0769250787975	-0.0460072747115	0.0026188	0.0015301
hs	0.975	0.025	0.975	0.962963	1.189744	4.937061	19.323077	10.25641	10	-3.747317	-8.810256	-5.062939	-18.133333	5.31935	0.45614	1.655668	1.859649	1.157895	5	-1.199527	-4.54386	-3.344332	-1.403509	-0.497773	0.516177	0.57125	0.00875	0.64625	0.015317	NA	NA	NA	NA	NA	NA	NA	NA	1.60144533023	1.77660359601	0.0829277	0.0862923
hs	0	0	0	NA	2.741026	5.877453	0.438462	1.589744	12	-3.136428	-9.258974	-6.122547	2.302564	-4.28771	NA	NA	NA	NA	NA	NA	NA	NA	NA	NA	0.031687	0.09125	0.05125	0.14125	0.561644	NA	NA	NA	NA	NA	NA	NA	NA	-0.414461904263	-0.0815412801633	0.0159112	0.002551
hs	0.05	0.05	0.05	0.033898	13.134615	13.400593	9.070513	11.102564	15	-0.265978	-1.865385	-1.599407	4.064103	-2.298029	NA	NA	NA	NA	NA	NA	NA	NA	NA	NA	0.095187	0.04625	0.03625	0.06125	0.783784	0.0531796	0.00599948	125.5	21.4211	2.18200206536	0.04718012	1.767929341	104.0789	-0.305207319905	-0.519834246431	0.00191386	0.0038003
hs	0.9	0.1	-0.0125	0.031693	5.158974	12.695299	7.148718	6.153846	26	-7.536324	-20.841026	-13.304701	-1.989744	-6.541453	3.626984	8.19913	0.315873	1.971429	17	-4.572146	-13.373016	-8.80087	3.311111	-6.227701	0.131606	0.0825	0.031875	0.1275	0.386364	0.0242359	0.0142779	48.2095	31	0.529122117707	0.009958	0.441568892586	17.2095	-0.564596511007	-0.44496535041	0.0153432	0.0114779
hs	0.75	0.25	0.75	0.666667	10.861538	13.165495	19.6	15.230769	14	-2.303957	-3.138462	-0.834505	-8.738462	2.065274	1.02069	2.524198	0.082759	0.551724	7	-1.503509	-5.97931	-4.475802	0.937931	-1.972474	0.268289	0.2075	0.026875	0.2925	0.129518	0.0603959	0.0205845	118.013	50.0556	1.07638285645	0.0398114	0.857660400275	67.9574	0.59214803216	0.54565899244	0.0121063	0.0116882
hs	1	0	1	1	0.689744	2.586079	0.028205	0.358974	9	-1.896336	-8.310256	-6.413921	0.661538	-2.227105	0.689744	2.586079	0.028205	0.358974	9	-1.896336	-8.310256	-6.413921	0.661538	-2.227105	0.00108	0.46875	0.013125	0.57	0.028	NA	NA	NA	NA	NA	NA	NA	NA	1.95644847563	1.98868649961	0.06064792	0.06096467
hs	1	0	0.9875	0.963878	0.892308	3.76157	0.030769	0.461538	15	-2.869262	-14.107692	-11.23843	0.861538	-3.300032	0.892308	3.76157	0.030769	0.461538	15	-2.869262	-14.107692	-11.23843	0.861538	-3.300032	0.000752	0.40125	0.010625	0.46375	0.02648	NA	NA	NA	NA	NA	NA	NA	NA	2.12537983274	1.69474662255	0.0748967	0.0694315
hs	1	0	0.275	0.115028	3.326923	8.933729	0.211538	1.769231	19	-5.606806	-15.673077	-10.066271	3.115385	-7.164498	3.326923	8.933729	0.211538	1.769231	19	-5.606806	-15.673077	-10.066271	3.115385	-7.164498	0.024406	0.07875	0.028125	0.10125	0.357143	NA	NA	NA	NA	NA	NA	NA	NA	0.451183846588	0.0267898096167	0.0092542	0.0007147
hs	0.875	0.125	0.875	0.823529	4.761538	8.933729	8.571795	6.666667	20	-4.17219	-15.238462	-11.066271	-3.810256	-2.267062	2.773109	6.070599	6.403361	4.588235	15	-3.297489	-12.226891	-8.929401	-3.630252	-1.482363	0.116643	0.16375	0.023125	0.22	0.141221	0.0409909	0.0227903	102.239	61.85	0.587015084011	0.0182006	0.502601110835	40.389	0.99631095168	0.992719458562	0.017881	0.0178147
hs	0.25	0.25	0.25	0.181818	15.74359	15.516476	13.076923	14.410256	16	0.227113	-0.25641	-0.483524	2.666667	-1.10622	6.844444	6.362744	10.488889	8.666667	3	0.481701	3.844444	3.362744	-3.644444	2.303923	0.177878	0.04625	0.03625	0.06125	0.783784	0.036201	0.00748798	76.4889	23.7563	1.57578767453	0.02871302	1.1692978738	52.7326	-0.723031175483	-0.692791450953	0.00544863	0.00493089
hs	0	0	0	NA	40.292308	31.503149	33.246154	36.769231	30	8.789159	10.292308	1.503149	7.046154	5.266082	NA	NA	NA	NA	NA	NA	NA	NA	NA	NA	0.255801	0.0575	0.026875	0.075	0.467391	NA	NA	NA	NA	NA	NA	NA	NA	-0.854100878695	-0.597798895524	0.01072977	0.00558226
hs	0.1	0.1	-0.075	0.009804	21.085897	20.453537	23.170513	22.128205	23	0.63236	-1.914103	-2.546463	-2.084615	1.674668	1	1.090909	1.666667	1.333333	1	-0.090909	0	0.090909	-0.666667	0.242424	0.217885	0.0525	0.0425	0.0725	0.809524	0.0969831	0.00771332	163.25	25.9794	2.53158803203	0.08926978	1.83797885187	137.2706	-0.703497034135	-0.515530644824	0.00642003	0.00404049
hs	0.825	0.175	0.825	0.758621	9.115385	14.340986	27.397436	18.25641	19	-5.225601	-9.884615	-4.659014	-18.282051	3.915425	3.07197	7.638299	12.99053	8.03125	9	-4.566329	-5.92803	-1.361701	-9.918561	0.392951	0.232975	0.1625	0.021875	0.2	0.134615	0.0486273	0.00595157	110.434	27.5714	2.10053005129	0.04267573	1.38763905386	82.8626	1.15080444294	1.34296575718	0.01756433	0.01842477
hs	0.175	0.175	0.175	0.123894	8.064103	10.109219	5.679487	6.871795	14	-2.045117	-5.935897	-3.890781	2.384615	-3.237425	0.285714	0.408163	0.047619	0.166667	1	-0.122449	-0.714286	-0.591837	0.238095	-0.241497	0.105933	0.0675	0.045	0.0975	0.666667	0.162928	0.0111353	158.5	29.3835	2.68318814301	0.1517927	1.68532130101	129.1165	-0.665201260656	-0.583739109179	0.00729566	0.00608747
hs	0	0	0	NA	2.487179	6.582748	0.179487	1.333333	17	-4.095568	-14.512821	-10.417252	2.307692	-5.249414	NA	NA	NA	NA	NA	NA	NA	NA	NA	NA	0.063441	0.1175	0.041875	0.1725	0.356383	NA	NA	NA	NA	NA	NA	NA	NA	-0.402066784867	-0.0653974802818	0.0190035	0.0024233
hs	0	0	0	NA	2.944872	8.463533	0.183333	1.564103	20	-5.518661	-17.055128	-11.536467	2.761538	-6.89943	NA	NA	NA	NA	NA	NA	NA	NA	NA	NA	0.015875	0.04375	0.038125	0.055	0.871429	NA	NA	NA	NA	NA	NA	NA	NA	-0.330265414417	-0.03981557741	0.0081433	0.000837
hs	0.2	0.2	0.1875	0.114114	17.314103	20.688635	12.480769	14.897436	29	-3.374533	-11.685897	-8.311365	4.833333	-5.791199	5.714286	6.556474	6.857143	6.285714	9	-0.842188	-3.285714	-2.443526	-1.142857	-0.27076	0.127818	0.04375	0.03375	0.05875	0.771429	0.0333037	0.00757796	84.8929	24.1774	1.48042446778	0.02572574	1.2559721495	60.7155	-0.970230195219	-1.18218451049	0.00976821	0.01463126
hs	0	0	0	NA	9.019231	12.930397	15.134615	12.076923	14	-3.911166	-4.980769	-1.069603	-6.115385	-0.853474	NA	NA	NA	NA	NA	NA	NA	NA	NA	NA	0.160511	0.05875	0.03625	0.08125	0.617021	NA	NA	NA	NA	NA	NA	NA	NA	0.385230362716	0.017879619481	0.0054085	0.0003004
hs	0.9	0.1	0.8875	0.821231	4.042308	10.109219	8.829487	6.435897	23	-6.066912	-18.957692	-12.890781	-4.787179	-3.673322	1.888889	4.823018	1.996825	1.942857	12	-2.934129	-10.111111	-7.176982	-0.107937	-2.880161	0.123421	0.13375	0.028125	0.1825	0.21028	0.0392951	0.0103584	95.7817	27.6667	1.33330204442	0.0289367	1.24184211982	68.115	1.11703422619	1.06536806362	0.01907357	0.01877397
hs	0	0	0	NA	3.95641	6.582748	11.325641	7.641026	10	-2.626337	-6.04359	-3.417252	-7.369231	1.058278	NA	NA	NA	NA	NA	NA	NA	NA	NA	NA	0.398981	0.16375	0.04125	0.25125	0.251908	NA	NA	NA	NA	NA	NA	NA	NA	-0.279545818076	0.0113978218554	0.0231302	0.0008084
hs	0	0	0	NA	1.838462	4.937061	0.110256	0.974359	10	-3.098599	-8.161538	-5.062939	1.728205	-3.962702	NA	NA	NA	NA	NA	NA	NA	NA	NA	NA	0.151998	0.21	0.029375	0.27375	0.139881	NA	NA	NA	NA	NA	NA	NA	NA	0.0581797451236	-0.0583536440521	0.0015555	0.0016818
hs	0.825	0.175	0.7625	0.601412	7.796154	14.340986	35.126923	21.461538	19	-6.544832	-11.203846	-4.659014	-27.330769	7.120553	1.018939	3.449554	0.043561	0.53125	11	-2.430615	-9.981061	-7.550446	0.975379	-2.918304	0.258513	0.3725	0.0125	0.4325	0.033557	0.0667177	0.0324172	125.803	38.7619	0.721781138897	0.0343005	1.17727938593	87.0411	1.38014886785	1.30148891586	0.030439	0.028364
hs	0	0	0	NA	3.989744	12.225103	0.215385	2.102564	32	-8.235359	-28.010256	-19.774897	3.774359	-10.122538	NA	NA	NA	NA	NA	NA	NA	NA	NA	NA	0.001608	0.04125	0.035625	0.0525	0.863636	NA	NA	NA	NA	NA	NA	NA	NA	-0.398416428578	-0.251553930372	0.009382	0.0055061
hs	0.975	0.025	0.95	0.893486	1.758974	7.052944	7.882051	4.820513	24	-5.293969	-22.241026	-16.947056	-6.123077	-2.232431	1.033738	3.547859	0.071525	0.552632	13	-2.514121	-11.966262	-9.452141	0.962213	-2.995227	0.138788	0.3275	0.025	0.465	0.076336	NA	NA	NA	NA	NA	NA	NA	NA	1.82802818823	1.52480288953	0.0619293	0.0568382
hs	0	0	0	NA	2.112821	6.112551	1.989744	2.051282	16	-3.999731	-13.887179	-9.887449	0.123077	-4.061269	NA	NA	NA	NA	NA	NA	NA	NA	NA	NA	0.101213	0.11875	0.043125	0.1875	0.363158	NA	NA	NA	NA	NA	NA	NA	NA	0.0238140496494	0.00342795872534	0.0009087	0.000131
hs	0	0	0	NA	10.59359	12.930397	8.534615	9.564103	16	-2.336807	-5.40641	-3.069603	2.058974	-3.366294	NA	NA	NA	NA	NA	NA	NA	NA	NA	NA	0.178959	0.06125	0.045625	0.08625	0.744898	NA	NA	NA	NA	NA	NA	NA	NA	0.255489470897	0.262412764759	0.00278717	0.00276497
hs	0.025	0.025	-0.05	0.010114	20.242308	21.864126	26.885897	23.564103	25	-1.621818	-4.757692	-3.135874	-6.64359	1.699977	NA	NA	NA	NA	NA	NA	NA	NA	NA	NA	0.179974	0.04875	0.03875	0.06375	0.794872	NA	NA	NA	NA	NA	NA	NA	NA	0.130153345012	-0.00323055178988	0.00117519	3.184e-05
hs	0.825	0.175	-0.175	0.123894	3.453846	8.463533	3.623077	3.538462	19	-5.009686	-15.546154	-10.536467	-0.169231	-4.925071	2.795455	7.391902	2.142045	2.46875	17	-4.596448	-14.204545	-9.608098	0.653409	-4.923152	0.035716	0.0725	0.0325	0.1025	0.448276	0.0444304	0.0644989	66.0426	83.4286	-0.372724249559	0.0200685	-0.233691187883	17.386	0.0927799024956	-0.442805101186	0.0026213	0.0164918
hs	0.975	0.025	-0.025	0.016807	3.608974	10.814514	13.878205	8.74359	27	-7.205539	-23.391026	-16.185486	-10.269231	-2.070924	2.877193	7.095718	0.22807	1.552632	18	-4.218525	-15.122807	-10.904282	2.649123	-5.543086	0.22409	0.06375	0.048125	0.08875	0.754902	NA	NA	NA	NA	NA	NA	NA	NA	-0.687916561046	-0.772682643326	0.0392358	0.0452259
hs	0.975	0.025	0.95	0.893486	1.734615	7.052944	30.932051	16.333333	13	-5.318328	-11.265385	-5.947056	-29.197436	9.28039	1.068826	4.493955	15.615385	8.342105	10	-3.425129	-8.931174	-5.506045	-14.546559	3.848151	0.532644	0.5725	0.01	0.685	0.017467	NA	NA	NA	NA	NA	NA	NA	NA	1.95619576481	1.93296216139	0.1227633	0.1194306
hs	0	0	0	NA	1.50641	5.642355	0.083333	0.794872	21	-4.135945	-19.49359	-15.357645	1.423077	-4.847483	NA	NA	NA	NA	NA	NA	NA	NA	NA	NA	0.001114	0.22375	0.02125	0.31375	0.094972	NA	NA	NA	NA	NA	NA	NA	NA	-0.345214929494	-0.378263326986	0.0235542	0.0267789
hs	0.875	0.125	0.875	0.823529	4.205128	10.579416	17.538462	10.871795	18	-6.374287	-13.794872	-7.420584	-13.333333	0.292379	1.815126	5.342127	5.94958	3.882353	12	-3.527001	-10.184874	-6.657873	-4.134454	-1.459774	0.180497	0.1375	0.031875	0.2025	0.231818	0.0634722	0.0709437	97.9403	40.5	-0.111284589975	0.0074715	0.883056135257	57.4403	1.031356223	0.753116266841	0.025349	0.0217854
hs	0.975	0.025	0.9625	0.926875	1.214103	3.291374	5.60641	3.410256	5	-2.077271	-3.785897	-1.708626	-4.392308	0.118883	1.052632	3.074811	3.842105	2.447368	5	-2.02218	-3.947368	-1.925189	-2.789474	-0.627443	0.039394	0.375	0.015	0.435	0.04	NA	NA	NA	NA	NA	NA	NA	NA	0.743995855151	1.06449760871	0.0219675	0.026462
hs	0.425	0.425	-0.575	0.474227	22.25641	20.453537	22.871795	22.564103	25	1.802873	-2.74359	-4.546463	-0.615385	2.110566	3.397059	7.099061	17.352941	10.375	12	-3.702002	-8.602941	-4.900939	-13.955882	3.275939	0.223692	0.05875	0.043125	0.09	0.734043	0.0608287	0.0109427	109.544	27.253	1.7153891498	0.049886	1.39116268824	82.291	-1.34126499363	-1.12231835828	0.0411679	0.0280186
hs	0	0	0	NA	1.748718	5.407257	0.097436	0.923077	16	-3.658539	-14.251282	-10.592743	1.651282	-4.48418	NA	NA	NA	NA	NA	NA	NA	NA	NA	NA	0.045669	0.165	0.024375	0.24	0.147727	NA	NA	NA	NA	NA	NA	NA	NA	-0.0455964920847	-0.102848721055	0.0022616	0.0052641
hs	0.5	0.5	0.5	0.4	17.032051	22.099224	16.044872	16.538462	38	-5.067173	-20.967949	-15.900776	0.987179	-5.560762	3.6	6.201131	8.610526	6.105263	7	-2.601131	-3.4	-0.798869	-5.010526	-0.095868	0.138497	0.095	0.019375	0.1225	0.203947	0.0917679	0.00848428	132.139	24.3421	2.38104752382	0.08328362	1.69164703727	107.7969	0.196962480043	-0.000539021872972	0.0022719	7.3e-06
hs	0	0	0	NA	16.329487	15.986673	15.926923	16.128205	17	0.342815	-0.670513	-1.013327	0.402564	0.141533	NA	NA	NA	NA	NA	NA	NA	NA	NA	NA	0.221617	0.0575	0.041875	0.07625	0.728261	NA	NA	NA	NA	NA	NA	NA	NA	-0.220736957479	-0.616631557412	0.00157957	0.0058642
hs	0.8	0.2	-0.1625	0.081735	6.564103	10.579416	8.512821	7.538462	22	-4.015313	-15.435897	-11.420584	-1.948718	-3.040954	2.868952	8.442496	5.711694	4.290323	23	-5.573544	-20.131048	-14.557504	-2.842742	-4.152173	0.079732	0.07125	0.03125	0.10125	0.438596	NA	NA	64.0071	81.0357	NA	NA	-0.235895783609	17.0286	-0.387943943433	-0.683176562271	0.008813	0.0189391
hs	0	0	0	NA	2.770513	7.993336	4.05	3.410256	16	-5.222823	-13.229487	-8.006664	-1.279487	-4.58308	NA	NA	NA	NA	NA	NA	NA	NA	NA	NA	0.112263	0.145	0.0225	0.18	0.155172	NA	NA	NA	NA	NA	NA	NA	NA	0.33135770907	0.278638109574	0.0105458	0.0090779
hs	0	0	0	NA	1.324359	4.466864	0.060256	0.692308	13	-3.142505	-11.675641	-8.533136	1.264103	-3.774557	NA	NA	NA	NA	NA	NA	NA	NA	NA	NA	0.203923	0.32	0.0175	0.4025	0.054688	NA	NA	NA	NA	NA	NA	NA	NA	0.109796047973	0.251127815254	0.0055454	0.0118143
hs	0.8	0.2	0.6375	0.389333	7.24359	9.874121	12.551282	9.897436	13	-2.630532	-5.75641	-3.125879	-5.307692	0.023315	4.163306	7.945878	12.159274	8.16129	9	-3.782572	-4.836694	-1.054122	-7.995968	0.215412	0.189084	0.0975	0.035	0.1475	0.358974	0.0548368	0.0157707	65.875	26.7679	1.24620771335	0.0390661	0.900555598428	39.1071	0.683484322448	0.581572222069	0.0150792	0.0130601
hs	0.95	0.05	0.9125	0.823094	2.103846	6.347649	13.024359	7.564103	12	-4.243803	-9.896154	-5.652351	-10.920513	1.216453	0.778094	2.856064	3.816501	2.297297	9	-2.07797	-8.221906	-6.143936	-3.038407	-0.558767	0.312205	0.53625	0.010625	0.645	0.019814	0.163881	0.0305235	130.235	40	1.68064367595	0.1333575	1.18046105674	90.235	1.51089563582	1.27250839417	0.0966161	0.0943205
hs	0.65	0.35	0.65	0.553191	6.025641	11.754906	25.871795	15.948718	25	-5.729265	-18.974359	-13.245094	-19.846154	4.193812	0.378462	1.04823	0.021538	0.2	3	-0.669768	-2.621538	-1.95177	0.356923	-0.84823	0.288928	0.29125	0.015625	0.34375	0.053648	0.095335	0.0126649	150.272	36.8791	2.01856261687	0.0826701	1.40480199041	113.3929	0.803217858382	0.626631328745	0.0159348	0.0138381
hs	0	0	0	NA	2.638462	8.228434	0.130769	1.384615	20	-5.589973	-17.361538	-11.771566	2.507692	-6.843819	NA	NA	NA	NA	NA	NA	NA	NA	NA	NA	0.030924	0.0775	0.026875	0.1	0.346774	NA	NA	NA	NA	NA	NA	NA	NA	-0.385083562761	-0.114254804673	0.0134505	0.0033568
hs	0.025	0.025	-0.05	0.040455	22.161538	24.215107	29.325641	25.74359	29	-2.053569	-6.838462	-4.784893	-7.164103	1.528483	NA	NA	NA	NA	NA	NA	NA	NA	NA	NA	0.170496	0.03375	0.028125	0.04125	0.833333	NA	NA	NA	NA	NA	NA	NA	NA	-0.622034230581	-0.531391442608	0.00671964	0.00548483
hs	1	0	1	1	0.692308	2.821178	11.717949	6.205128	5	-2.12887	-4.307692	-2.178822	-11.025641	3.383951	0.692308	2.821178	11.717949	6.205128	5	-2.12887	-4.307692	-2.178822	-11.025641	3.383951	0.665421	0.7275	0.005	0.8125	0.006873	NA	NA	NA	NA	NA	NA	NA	NA	2.05504152879	2.02400386686	0.1511966	0.1504964
hs	0.025	0.025	0.025	0.016807	13.244872	16.691967	8.344872	10.794872	22	-3.447095	-8.755128	-5.308033	4.9	-5.897095	NA	NA	NA	NA	NA	NA	NA	NA	NA	NA	0.182756	0.04375	0.038125	0.055	0.871429	NA	NA	NA	NA	NA	NA	NA	NA	-0.44360952854	-0.465756046606	0.00454426	0.00498317
hs	1	0	0.8375	0.635877	1.553846	4.466864	0.087179	0.820513	10	-2.913018	-8.446154	-5.533136	1.466667	-3.646352	1.553846	4.466864	0.087179	0.820513	10	-2.913018	-8.446154	-5.533136	1.466667	-3.646352	0.057244	0.18875	0.02875	0.24875	0.152318	NA	NA	NA	NA	NA	NA	NA	NA	1.15455506016	1.45254128526	0.0241023	0.02711407
hs	0	0	-0.1625	0.087707	10.657692	13.635691	5.188462	7.923077	25	-2.977999	-14.342308	-11.364309	5.469231	-5.712614	NA	NA	NA	NA	NA	NA	NA	NA	NA	NA	0.078597	0.055	0.0325	0.0775	0.590909	NA	NA	NA	NA	NA	NA	NA	NA	0.358576218809	0.330850977685	0.00407702	0.0037198
hs	0.925	0.075	0.9125	0.855584	4.926923	13.400593	27.124359	16.025641	28	-8.47367	-23.073077	-14.599407	-22.197436	2.625048	1.777778	5.988656	4.055556	2.916667	20	-4.210878	-18.222222	-14.011344	-2.277778	-3.07199	0.259555	0.185	0.0625	0.3425	0.337838	0.0509396	0.0205073	120.216	39.8333	0.909859696827	0.0304323	1.10458687884	80.3827	1.24359219122	1.03063875506	0.02314603	0.0217181
hs	0.925	0.075	0.8625	0.727106	4.476923	13.400593	25.471795	14.974359	31	-8.92367	-26.523077	-17.599407	-20.994872	1.573766	1.384384	4.790925	7.837838	4.611111	11	-3.406541	-9.615616	-6.209075	-6.453453	-0.179814	0.294521	0.1825	0.0225	0.2425	0.123288	0.0803147	0.00508957	107.041	3.33333	2.75875932009	0.07522513	3.46924013431	103.70767	1.0279629701	1.16837883222	0.0336974	0.0364575
hs	0.825	0.175	0.8125	0.722982	9.662821	14.105888	37.875641	23.769231	17	-4.443067	-7.337179	-2.894112	-28.212821	9.663343	3.098485	9.11668	25.401515	14.25	15	-6.018195	-11.901515	-5.88332	-22.30303	5.13332	0.268794	0.06	0.0375	0.0825	0.625	0.0428401	0.0388656	82.4905	59.3095	0.097365039226	0.0039745	0.329913639662	23.181	0.586243280652	0.580785066496	0.0104135	0.0099668
hs	0	0	0	NA	2.214103	4.701963	0.196154	1.205128	8	-2.48786	-5.785897	-3.298037	2.017949	-3.496834	NA	NA	NA	NA	NA	NA	NA	NA	NA	NA	0.040553	0.12625	0.03625	0.18625	0.287129	NA	NA	NA	NA	NA	NA	NA	NA	-0.0529043885258	-0.179855734236	0.002643	0.0099131
hs	0	0	0	NA	2.128205	6.347649	0.128205	1.128205	18	-4.219444	-15.871795	-11.652351	2	-5.219444	NA	NA	NA	NA	NA	NA	NA	NA	NA	NA	0.040123	0.14	0.034375	0.205	0.245536	NA	NA	NA	NA	NA	NA	NA	NA	0.0315544803547	-0.0227041037232	0.0013041	0.0009713
hs	0.8	0.2	0.8	0.727273	5.682051	9.168827	17.394872	11.538462	19	-3.486776	-13.317949	-9.831173	-11.712821	2.369635	1.421371	4.966174	7.804435	4.612903	14	-3.544803	-12.578629	-9.033826	-6.383065	-0.353271	0.173086	0.185	0.025	0.265	0.135135	NA	NA	100.344	50.7857	NA	NA	0.680989463828	49.5583	0.342430479249	0.225776800355	0.0112146	0.0073528
hs	0	0	0	NA	3.45641	9.639023	2.082051	2.769231	23	-6.182613	-19.54359	-13.360977	1.374359	-6.869792	NA	NA	NA	NA	NA	NA	NA	NA	NA	NA	0.021115	0.05	0.034375	0.06875	0.6875	NA	NA	NA	NA	NA	NA	NA	NA	-0.191158318134	-0.0284553659198	0.0050464	0.0006763
hs	0.05	0.05	0.05	0.033898	21.65	27.036285	24.555128	23.102564	24	-5.386285	-2.35	3.036285	-2.905128	-3.93372	NA	NA	NA	NA	NA	NA	NA	NA	NA	NA	0.117244	0.0475	0.031875	0.06625	0.671053	0.0577178	0.00535633	146.5	32.5583	2.37728657907	0.05236147	1.50399309999	113.9417	-0.231763378873	-0.0415366719793	0.00129611	0.00018817
hs	0	0	0	NA	2.371795	8.933729	0.089744	1.230769	29	-6.561934	-26.628205	-20.066271	2.282051	-7.70296	NA	NA	NA	NA	NA	NA	NA	NA	NA	NA	0.041193	0.08375	0.02125	0.10875	0.253731	NA	NA	NA	NA	NA	NA	NA	NA	-0.441860845136	-0.530886737748	0.0161041	0.0203844
hs	0.1	0.1	-0.2125	0.068966	17.769231	22.56942	18.846154	18.307692	28	-4.800189	-10.230769	-5.43058	-1.076923	-4.261728	3.833333	3.818182	4.833333	4.333333	3	0.015152	0.833333	0.818182	-1	0.515152	0.127108	0.04125	0.03125	0.05625	0.757576	NA	NA	72.5	30.4159	NA	NA	0.868621063863	42.0841	-0.458285545637	-0.166866001314	0.0048868	0.00148925
hs	0.875	0.125	0.85	0.754803	3.044872	6.817846	8.391026	5.717949	15	-3.772974	-11.955128	-8.182154	-5.346154	-1.099897	1.357983	4.856479	3.818487	2.588235	15	-3.498496	-13.642017	-10.143521	-2.460504	-2.268244	0.233362	0.2675	0.0175	0.3175	0.065421	NA	NA	99.8924	96.2	NA	NA	0.0376642490128	3.6924	0.979670321016	0.887047268706	0.0345244	0.031512
hs	0.9	0.1	0.8625	0.754036	9.287179	22.334322	43.020513	26.153846	39	-13.047143	-29.712821	-16.665678	-33.733333	3.819524	4.884127	13.504449	16.773016	10.828571	31	-8.620322	-26.115873	-17.495551	-11.888889	-2.675878	0.255567	0.10125	0.025625	0.1425	0.253086	0.0354773	0.00269726	112.484	11.5	2.57665661241	0.03278004	2.28046395394	100.984	0.98107234663	1.21611554876	0.01477878	0.01602426
hs	0	0	0	NA	3.112821	9.403925	1.912821	2.512821	25	-6.291105	-21.887179	-15.596075	1.2	-6.891105	NA	NA	NA	NA	NA	NA	NA	NA	NA	NA	0.137696	0.11	0.034375	0.165	0.3125	NA	NA	NA	NA	NA	NA	NA	NA	-0.217552516617	0.072871826465	0.0066631	0.001903
hs	1	0	1	1	0.447436	1.880785	0.014103	0.230769	7	-1.433349	-6.552564	-5.119215	0.433333	-1.650016	0.447436	1.880785	0.014103	0.230769	7	-1.433349	-6.552564	-5.119215	0.433333	-1.650016	0.14352	0.685	0.004375	0.72625	0.006387	NA	NA	NA	NA	NA	NA	NA	NA	2.02180520632	2.17207139937	0.1556775	0.1586107
hs	0.025	0.025	0.025	0.016807	10.858974	13.400593	8.628205	9.74359	18	-2.541619	-7.141026	-4.599407	2.230769	-3.657003	NA	NA	NA	NA	NA	NA	NA	NA	NA	NA	0.13348	0.04125	0.035625	0.0525	0.863636	NA	NA	NA	NA	NA	NA	NA	NA	-0.192173329514	-0.163861147952	0.0023798	0.0019613
hs	0	0	0	NA	3.629487	8.228434	8.114103	5.871795	18	-4.598947	-14.370513	-9.771566	-4.484615	-2.35664	NA	NA	NA	NA	NA	NA	NA	NA	NA	NA	0.167345	0.105	0.029375	0.14625	0.279762	NA	NA	NA	NA	NA	NA	NA	NA	-0.936648119609	-0.572329573686	0.0676358	0.0335407
hs	0.75	0.25	0.75	0.666667	5.612821	14.576084	22.797436	14.205128	33	-8.963263	-27.387179	-18.423916	-17.184615	-0.370956	2.14023	5.805656	1.928736	2.034483	15	-3.665426	-12.85977	-9.194344	0.211494	-3.771173	0.263487	0.1425	0.02	0.1775	0.140351	0.0539373	0.0226309	105.664	52.4	0.86850603177	0.0313064	0.701357656971	53.264	0.589080420456	0.553360958414	0.0115481	0.0105782
hs	0.25	0.25	0.25	0.181818	14.811538	15.04628	10.880769	12.846154	19	-0.234742	-4.188462	-3.95372	3.930769	-2.200126	1.888889	2.4744	2.777778	2.333333	4	-0.585511	-2.111111	-1.5256	-0.888889	-0.141067	0.109409	0.055	0.039375	0.08	0.715909	0.0394532	0.00774546	116.611	29.6322	1.62800829408	0.03170774	1.36998200119	86.9788	-0.419468849994	-0.602979382706	0.00251752	0.00409506
hs	0.25	0.25	-0.25	0.058857	18.676923	21.864126	17.117949	17.897436	36	-3.187203	-17.323077	-14.135874	1.558974	-3.96669	11.888889	13.432459	20.333333	16.111111	17	-1.54357	-5.111111	-3.567541	-8.444444	2.678652	0.120685	0.04	0.034375	0.05125	0.859375	0.0255089	0.00979111	64.7556	28.9471	0.957552579763	0.01571779	0.805150157037	35.8085	-0.229311750634	-0.501491627358	0.00173079	0.00449842
hs	0	0	0	NA	2.612821	7.288042	0.15641	1.384615	16	-4.675221	-13.387179	-8.711958	2.45641	-5.903427	NA	NA	NA	NA	NA	NA	NA	NA	NA	NA	0.122637	0.11375	0.02375	0.14375	0.208791	NA	NA	NA	NA	NA	NA	NA	NA	0.11778375394	0.0302589031582	0.0058009	0.0015865
hs	0.975	0.025	0.975	0.962963	2.432051	10.109219	31.260256	16.846154	22	-7.677168	-19.567949	-11.890781	-28.828205	6.736934	1.468286	5.44005	0.05803	0.763158	18	-3.971764	-16.531714	-12.55995	1.410256	-4.676892	0.238779	0.31875	0.01625	0.40125	0.05098	NA	NA	NA	NA	NA	NA	NA	NA	1.73177493443	1.66696856158	0.0477415	0.0470542
hs	0.5	0.5	0.5	0.4	13.116667	14.340986	8.165385	10.641026	21	-1.224319	-7.883333	-6.659014	4.951282	-3.69996	7.452632	6.764871	6.863158	7.157895	5	0.687761	2.452632	1.764871	0.589474	0.393024	0.159717	0.04125	0.035625	0.0525	0.863636	0.0391278	0.0109589	55.1816	20.6447	1.27268130028	0.0281689	0.983170936513	34.5369	-1.00754433807	-1.36774460463	0.0181103	0.0318185
hs	0.625	0.375	-0.375	0.285714	16.497436	14.811182	22.374359	19.435897	16	1.686254	0.497436	-1.188818	-5.876923	4.624715	5.093333	12.182338	23.99	14.541667	26	-7.089005	-20.906667	-13.817662	-18.896667	2.359328	0.304591	0.065	0.049375	0.09625	0.759615	0.0354506	0.0502116	73.8317	86.2667	-0.348105897619	0.014761	-0.155655481681	12.435	-0.518653252472	-0.645760820424	0.0127262	0.0172552
hs	0.975	0.025	0.95	0.893486	1.873077	5.172159	11.203846	6.538462	12	-3.299082	-10.126923	-6.827841	-9.330769	1.366303	1.673414	4.493955	9.431849	5.552632	10	-2.82054	-8.326586	-5.506045	-7.758435	1.058677	0.377859	0.4125	0.021875	0.5375	0.05303	NA	NA	NA	NA	NA	NA	NA	NA	1.02201230913	1.10567009286	0.0491776	0.0497124
hs	0	0	0	NA	4.038462	8.228434	3.346154	3.692308	18	-4.189973	-13.961538	-9.771566	0.692308	-4.536127	NA	NA	NA	NA	NA	NA	NA	NA	NA	NA	0.063816	0.0625	0.046875	0.09375	0.75	NA	NA	NA	NA	NA	NA	NA	NA	-0.27650817475	-0.192557602029	0.0095899	0.0063912
hs	0	0	0	NA	0.679487	1.880785	0.038462	0.358974	4	-1.201298	-3.320513	-2.119215	0.641026	-1.521811	NA	NA	NA	NA	NA	NA	NA	NA	NA	NA	0.00187	0.47125	0.015625	0.5725	0.033156	NA	NA	NA	NA	NA	NA	NA	NA	0.151389598426	0.233190892181	0.0098946	0.0145912
hs	0.975	0.025	0.9625	0.926875	1.289744	5.172159	9.787179	5.538462	13	-3.882415	-11.710256	-7.827841	-8.497436	0.366303	0.912281	3.311335	0.035088	0.473684	10	-2.399054	-9.087719	-6.688665	0.877193	-2.837651	0.238827	0.3725	0.0125	0.4325	0.033557	NA	NA	NA	NA	NA	NA	NA	NA	1.45687631359	1.18192578825	0.0731722	0.0655
hs	0.375	0.375	0.2875	0.123377	27.107692	26.566088	20.789744	23.948718	31	0.541604	-3.892308	-4.433912	6.317949	-2.61737	15.561905	18.452668	25.438095	20.5	21	-2.890763	-5.438095	-2.547332	-9.87619	2.047332	0.156878	0.035	0.0325	0.04	0.928571	0.0159727	0.0114857	48.2238	40.9017	0.32977823159	0.004487	0.164681048146	7.3221	-0.615686551146	-0.512747047474	0.00537682	0.00391975
hs	0	0	0	NA	2.5	7.052944	4.064103	3.282051	17	-4.552944	-14.5	-9.947056	-1.564103	-3.770893	NA	NA	NA	NA	NA	NA	NA	NA	NA	NA	0.116403	0.08875	0.038125	0.13375	0.429577	NA	NA	NA	NA	NA	NA	NA	NA	-0.134328095288	-0.191099551611	0.0057384	0.008264
hs	0.05	0.05	-0.3	0.108889	9.925641	13.165495	11.510256	10.717949	9	-3.239854	0.925641	4.165495	-1.584615	-2.447546	NA	NA	NA	NA	NA	NA	NA	NA	NA	NA	0.083394	0.03875	0.033125	0.05	0.854839	0.163945	0.0193028	186.5	25.2646	2.13928084261	0.1446422	1.99902703264	161.2354	0.0468387656855	0.115371195476	0.0008102	0.001924
hs	1	0	1	1	2.212821	5.407257	1.582051	1.897436	16	-3.194436	-13.787179	-10.592743	0.630769	-3.509821	2.212821	5.407257	1.582051	1.897436	16	-3.194436	-13.787179	-10.592743	0.630769	-3.509821	0.092685	0.23375	0.03125	0.34625	0.13369	NA	NA	NA	NA	NA	NA	NA	NA	1.49700074462	1.30015674651	0.0401393	0.0381506
hs	0.825	0.175	0.825	0.758621	6.711538	15.751574	28.929487	17.820513	34	-9.040036	-27.288462	-18.248426	-22.217949	2.068938	2.594697	6.652712	5.780303	4.1875	16	-4.058015	-13.405303	-9.347288	-3.185606	-2.465212	0.177066	0.0775	0.026875	0.1	0.346774	0.042189	0.0104999	80.8267	25.8571	1.39079379025	0.0316891	1.13972213174	54.9696	0.105562550042	0.11866905464	0.0026008	0.0029929
hs	0	0	0	NA	2.210256	5.407257	0.148718	1.179487	9	-3.197001	-6.789744	-3.592743	2.061538	-4.22777	NA	NA	NA	NA	NA	NA	NA	NA	NA	NA	0.049057	0.135	0.029375	0.18375	0.217593	NA	NA	NA	NA	NA	NA	NA	NA	0.320999971412	0.143488386302	0.0097743	0.0048722
hs	0	0	0	NA	3.15641	8.228434	1.561538	2.358974	24	-5.072024	-20.84359	-15.771566	1.594872	-5.86946	NA	NA	NA	NA	NA	NA	NA	NA	NA	NA	0.016558	0.0725	0.0325	0.1025	0.448276	NA	NA	NA	NA	NA	NA	NA	NA	-0.411268604271	-0.45440332481	0.0129855	0.014683
hs	0.675	0.325	0.05	0.009665	15.370513	16.456869	24.988462	20.179487	17	-1.086356	-1.629487	-0.543131	-9.617949	3.722618	4.911681	8.5616	14.934473	9.923077	13	-3.649919	-8.088319	-4.4384	-10.022792	1.361477	0.315612	0.11	0.034375	0.165	0.3125	0.0297562	0.0276075	84.9259	59.4872	0.0749500387009	0.0021487	0.356017948218	25.4387	-0.0764421253301	0.0220428795635	0.0011201	0.0003143
hs	0	0	0	NA	1.358974	3.76157	0.076923	0.717949	8	-2.402596	-6.641026	-4.23843	1.282051	-3.043621	NA	NA	NA	NA	NA	NA	NA	NA	NA	NA	0.002089	0.21375	0.033125	0.2775	0.154971	NA	NA	NA	NA	NA	NA	NA	NA	0.182258889788	0.0609925523166	0.0068593	0.0024298
