sclass	DAF_1	MAF_1	DDAF_1	FST_1	ThetaPi_1	ThetaS_1	ThetaH_1	ThetaL_1	ThetaXi_1	TajD_1	FuLiF_1	FuLiD_1	FayWuH_1	ZengE_1	Theta1Pi_1	Theta1S_1	Theta1H_1	Theta1L_1	Theta1Xi_1	TajD1_1	FuLiF1_1	FuLiD1_1	FayWuH1_1	ZengE1_1	ZA_1	H1_1	H2_1	H12_1	H2.H1_1	iHH1_1	iHH0_1	SL1_1	SL0_1	iHS_1	DiHH_1	nSL_1	DnSL_1	XPEHH_12	XPEHH_13	DXPEHH_12	DXPEHH_13
sl	0	0	-0.0125	0.016807	13.1218	16.92706	13.08333	13.10256	18	-3.80527	-4.878205	-1.072935	0.038462	-3.824501	NA	NA	NA	NA	NA	NA	NA	NA	NA	NA	0.111521	0.04	0.03	0.05	0.75	NA	NA	NA	NA	NA	NA	NA	NA	-0.06704563	-0.4107689	0.0010076	0.0074603
sl	0.275	0.275	0.275	0.201835	11.86667	16.92706	14.59487	13.23077	25	-5.060398	-13.13333	-8.072935	-2.728205	-3.696296	5.636364	5.121257	6.963636	6.3	3	0.515106	2.636364	2.121257	-1.327273	1.178743	0.103171	0.0475	0.0375	0.0625	0.789474	0.0250157	0.0192561	47.5364	42.1687	0.2616757	0.0057596	0.1198175	5.3677	-0.3154327	-0.4953155	0.0038816	0.0067065
sl	0.75	0.25	-0.1125	0.020202	15.30513	20.92373	11.15641	13.23077	30	-5.618605	-14.69487	-9.076267	4.148718	-7.692964	9.845977	16.15487	11.05058	10.44828	28	-6.308892	-18.15402	-11.84513	-1.204598	-5.706594	0.12998	0.0375	0.031875	0.045	0.85	0.00894645	0.0125698	31.1368	37.9333	-0.3400403	0.00362335	-0.197439	6.7965	-0.8767463	-0.8013539	0.0083049	0.0069266
sl	0.025	0.025	0.025	0.016807	14.92436	19.98334	10.76795	12.84615	27	-5.058982	-12.07564	-7.016659	4.15641	-7.137187	NA	NA	NA	NA	NA	NA	NA	NA	NA	NA	0.134396	0.03625	0.030625	0.04375	0.844828	NA	NA	NA	NA	NA	NA	NA	NA	-0.5743446	-0.5544106	0.00591301	0.00559701
sl	0	0	-0.05	0.068966	15.2	20.21844	10.95385	13.07692	28	-5.018439	-12.8	-7.781561	4.246154	-7.141516	NA	NA	NA	NA	NA	NA	NA	NA	NA	NA	0.132131	0.03625	0.030625	0.04375	0.844828	NA	NA	NA	NA	NA	NA	NA	NA	-0.512666	-0.4492135	0.00542821	0.0045596
sl	0.05	0.05	0.05	0.033898	14.56923	18.33765	8.815385	11.69231	23	-3.768423	-8.430769	-4.662346	5.753846	-6.645346	NA	NA	NA	NA	NA	NA	NA	NA	NA	NA	0.135067	0.03625	0.030625	0.04375	0.844828	0.0696382	0.013772	105.5	32.34	1.620676	0.0558662	1.182406	73.16	-0.3395457	-0.35012	0.00513	0.0053156
sl	0	0	-0.0125	0.016807	15.12692	18.57275	9.026923	12.07692	23	-3.445829	-7.873077	-4.427248	6.1	-6.495829	NA	NA	NA	NA	NA	NA	NA	NA	NA	NA	0.134841	0.03375	0.03125	0.03875	0.925926	NA	NA	NA	NA	NA	NA	NA	NA	-0.2709908	-0.3230971	0.0040575	0.0049683
sl	0.175	0.175	0.1125	0.032407	11.13462	15.98667	5.839744	8.487179	23	-4.852057	-11.86538	-7.013327	5.294872	-7.499493	5.238095	6.122449	12.76191	9	5	-0.884354	0.238095	1.122449	-7.52381	2.877551	0.081871	0.03375	0.03125	0.03875	0.925926	0.0380793	0.01171	66.5476	28.392	1.179228	0.0263693	0.8518101	38.1556	-0.6552945	-0.6910658	0.00759105	0.00816615
sl	0	0	-0.0125	0.016807	10.75	15.75157	4.685897	7.717949	23	-5.001574	-12.25	-7.248426	6.064103	-8.033626	NA	NA	NA	NA	NA	NA	NA	NA	NA	NA	0.08255	0.03375	0.03125	0.03875	0.925926	NA	NA	NA	NA	NA	NA	NA	NA	-0.5475281	-0.5045835	0.00703481	0.00626373
sl	0	0	-0.0125	0.016807	9.230769	13.63569	4.410256	6.820513	23	-4.404922	-13.76923	-9.364309	4.820513	-6.815179	NA	NA	NA	NA	NA	NA	NA	NA	NA	NA	0.079232	0.04	0.034375	0.05125	0.859375	NA	NA	NA	NA	NA	NA	NA	NA	-0.2615454	-0.4027961	0.0043627	0.0071148
sl	1	0	0.425	0.205882	8.598718	13.16549	4.170513	6.384615	22	-4.566777	-13.40128	-8.834505	4.428205	-6.78088	8.598718	13.16549	4.170513	6.384615	22	-4.566777	-13.40128	-8.834505	4.428205	-6.78088	0.113489	0.035	0.029375	0.04625	0.839286	NA	NA	NA	NA	NA	NA	NA	NA	0.1908142	0.1522192	0.0027834	0.002191
sl	0	0	-0.425	0.205882	7.278205	12.2251	3.644872	5.461538	22	-4.946897	-14.7218	-9.774897	3.633333	-6.763564	NA	NA	NA	NA	NA	NA	NA	NA	NA	NA	0.115856	0.0425	0.0325	0.0575	0.764706	NA	NA	NA	NA	NA	NA	NA	NA	0.07135884	-0.01708225	0.0008789	0.0002086
sl	0.375	0.375	0.375	0.285714	8.129487	12.4602	4.844872	6.487179	22	-4.330714	-13.87051	-9.539799	3.284615	-5.973021	4.266667	4.613167	5.733333	5	4	-0.3465	0.266667	0.613167	-1.466667	0.386833	0.133024	0.0475	0.031875	0.06625	0.671053	0.0397463	0.0182523	74.2048	38.71	0.7782257	0.021494	0.6507309	35.4948	-0.5355327	-0.606228	0.0078955	0.0090425
sl	0.075	0.075	0.075	0.051282	10.53846	13.40059	7.205128	8.871795	19	-2.862132	-8.461538	-5.599407	3.333333	-4.528798	10	10	9	9.5	11	0	-1	-1	1	-0.5	0.130616	0.045	0.029375	0.06375	0.652778	0.0158806	0.0201068	27.3333	40.8018	-0.2359598	0.0042262	-0.4006205	13.4685	0.1105819	0.2176147	0.0016993	0.0032073
sl	0	0	-0.0125	0.016807	10.76923	13.40059	7.282051	9.025641	19	-2.631362	-8.230769	-5.599407	3.487179	-4.374952	NA	NA	NA	NA	NA	NA	NA	NA	NA	NA	0.122654	0.0375	0.031875	0.04875	0.85	NA	NA	NA	NA	NA	NA	NA	NA	-0.07114981	-0.03449891	0.0011377	0.0005371
sl	0	0	-0.0125	0.016807	11.03974	13.63569	7.370513	9.205128	19	-2.595948	-7.960256	-5.364309	3.669231	-4.430563	NA	NA	NA	NA	NA	NA	NA	NA	NA	NA	0.120843	0.04125	0.03125	0.05625	0.757576	NA	NA	NA	NA	NA	NA	NA	NA	-0.06654986	-0.0283622	0.0010589	0.0004402
sl	0.3	0.3	0.1875	0.054834	19.28333	20.92373	13.69103	16.48718	28	-1.6404	-8.716667	-7.076267	5.592308	-4.436554	15.37879	15.23241	16.07576	15.72727	14	0.146381	1.378788	1.232407	-0.69697	0.494866	0.121512	0.04625	0.03625	0.06125	0.783784	0.0279344	0.00900135	52.0076	25.414	1.132484	0.01893305	0.7160897	26.5936	-0.5893375	-0.6667412	0.00378742	0.00456038
sl	0.05	0.05	-0.05	0.012727	19.18077	20.92373	13.58846	16.38462	28	-1.742964	-8.819231	-7.076267	5.592308	-4.539118	NA	NA	NA	NA	NA	NA	NA	NA	NA	NA	0.117836	0.04875	0.03875	0.06875	0.794872	0.0599129	0.00629578	154	18.8663	2.253012	0.05361712	2.099575	135.1337	-0.3527709	-0.3314371	0.00207624	0.0020573
sl	0.025	0.025	0.025	0.016807	18.28077	20.45354	13.15513	15.71795	26	-2.172768	-7.719231	-5.546463	5.125641	-4.735588	NA	NA	NA	NA	NA	NA	NA	NA	NA	NA	0.119661	0.045	0.035	0.06	0.777778	NA	NA	NA	NA	NA	NA	NA	NA	-0.1328867	-0.015382	0.0014471	0.0001624
sl	0	0	-0.0125	0.016807	15.23718	17.16216	12.60897	13.92308	16	-1.924984	-0.762821	1.162163	2.628205	-3.239086	NA	NA	NA	NA	NA	NA	NA	NA	NA	NA	0.161233	0.04625	0.03625	0.06125	0.783784	NA	NA	NA	NA	NA	NA	NA	NA	-0.2482486	-0.1356555	0.00253262	0.00130349
sl	0	0	-0.0125	0.016807	21.06282	20.21844	14.8859	17.97436	14	0.844382	7.062821	6.218439	6.176923	-2.24408	NA	NA	NA	NA	NA	NA	NA	NA	NA	NA	0.148367	0.04125	0.035625	0.0525	0.863636	NA	NA	NA	NA	NA	NA	NA	NA	0.04197564	0.001229515	0.00040286	1.177e-05
sl	0	0	-0.0125	0.016807	20.21026	20.68864	15.17436	17.69231	18	-0.478379	2.210256	2.688635	5.035897	-2.996327	NA	NA	NA	NA	NA	NA	NA	NA	NA	NA	0.127709	0.04375	0.038125	0.055	0.871429	NA	NA	NA	NA	NA	NA	NA	NA	-0.2149921	-0.5089898	0.001389	0.00364203
sl	0.025	0.025	0.025	0.016807	23.49487	21.39393	21.7359	22.61538	17	2.100942	6.494872	4.39393	1.758974	1.221455	NA	NA	NA	NA	NA	NA	NA	NA	NA	NA	0.145778	0.0725	0.05	0.11	0.689655	NA	NA	NA	NA	NA	NA	NA	NA	0.143873	0.1200214	0.0015933	0.0013531
sl	0	0	-0.0125	0.016807	16.76923	16.45687	16.05128	16.41026	19	0.312362	-2.230769	-2.543131	0.717949	-0.046612	NA	NA	NA	NA	NA	NA	NA	NA	NA	NA	0.105731	0.10125	0.03875	0.15125	0.382716	NA	NA	NA	NA	NA	NA	NA	NA	-0.02041354	-1.696669e-05	0.0002318	2e-07
sl	0	0	-0.175	0.066038	17.35513	16.69197	14.79872	16.07692	22	0.663161	-4.644872	-5.308033	2.55641	-0.615044	NA	NA	NA	NA	NA	NA	NA	NA	NA	NA	0.127023	0.085	0.034375	0.13	0.404412	NA	NA	NA	NA	NA	NA	NA	NA	0.03646567	0.2509982	0.0005358	0.003289
sl	0.125	0.125	0.125	0.086957	13.1859	15.98667	10.04487	11.61538	27	-2.800775	-13.8141	-11.01333	3.141026	-4.371288	3.6	4.32	9.9	6.75	3	-0.72	0.6	1.32	-6.3	2.43	0.109565	0.07625	0.03625	0.11625	0.47541	NA	NA	137.55	35.2025	NA	NA	1.36287	102.3475	-0.1124205	-0.1791021	0.00088903	0.00151294
sl	0.025	0.025	0.025	0.016807	12.88718	16.22177	11.42051	12.15385	28	-3.334591	-15.11282	-11.77823	1.466667	-4.067925	NA	NA	NA	NA	NA	NA	NA	NA	NA	NA	0.101047	0.08375	0.033125	0.12875	0.395522	NA	NA	NA	NA	NA	NA	NA	NA	0.1889552	0.1140534	0.00193652	0.0012992
sl	0	0	-0.0125	0.016807	13.96026	22.33432	33.16795	23.5641	39	-8.374066	-25.03974	-16.66568	-19.20769	1.229781	NA	NA	NA	NA	NA	NA	NA	NA	NA	NA	0.201345	0.065	0.049375	0.09625	0.759615	NA	NA	NA	NA	NA	NA	NA	NA	0.595027	0.5069733	0.00681365	0.00619926
sl	0.025	0.025	0.025	0.016807	10.24744	19.04295	30.62436	20.4359	33	-8.795512	-22.75256	-13.95705	-20.37692	1.392949	NA	NA	NA	NA	NA	NA	NA	NA	NA	NA	0.217152	0.07125	0.055625	0.1025	0.780702	NA	NA	NA	NA	NA	NA	NA	NA	0.1146598	-0.009586057	0.0016688	0.0001591
sl	0.175	0.175	0.05	0.007995	10.85128	19.74824	30.27692	20.5641	36	-8.896961	-25.14872	-16.25176	-19.42564	0.81586	1.142857	0.816327	1.190476	1.166667	0	0.326531	1.142857	0.816327	-0.047619	0.35034	0.190118	0.06625	0.050625	0.09125	0.764151	0.10612	0.0196791	164.286	50.447	1.685013	0.0864409	1.180686	113.839	-0.1170944	-0.175024	0.0015539	0.0025592
sl	0.025	0.025	0.025	0.016807	13.35897	21.39393	34.02564	23.69231	32	-8.034955	-18.64103	-10.60607	-20.66667	2.298378	NA	NA	NA	NA	NA	NA	NA	NA	NA	NA	0.210902	0.0575	0.0475	0.0775	0.826087	NA	NA	NA	NA	NA	NA	NA	NA	0.07150049	-0.0768607	0.0008677	0.0010587
sl	0.025	0.025	0.0125	0.008475	13.98205	21.86413	36.47949	25.23077	33	-7.882074	-19.01795	-11.13587	-22.49744	3.366643	NA	NA	NA	NA	NA	NA	NA	NA	NA	NA	0.219084	0.0575	0.0475	0.0775	0.826087	NA	NA	NA	NA	NA	NA	NA	NA	-0.02703421	-0.08623632	0.0003168	0.0010908
sl	0	0	-0.025	0.033898	15.24103	19.27805	25.06667	20.15385	28	-4.037021	-12.75897	-8.721954	-9.825641	0.8758	NA	NA	NA	NA	NA	NA	NA	NA	NA	NA	0.181238	0.045	0.035	0.06	0.777778	NA	NA	NA	NA	NA	NA	NA	NA	0.5418968	0.05627127	0.0039168	0.00056465
sl	0.775	0.225	0.3625	0.12779	15.20513	18.57275	23.25641	19.23077	27	-3.367624	-11.79487	-8.427248	-8.051282	0.658017	11.66022	10.26286	10.53979	11.1	9	1.397353	2.660215	1.262862	1.12043	0.837138	0.188617	0.045	0.035	0.06	0.777778	0.0189994	0.013502	48.2161	37.1389	0.3415696	0.0054974	0.2610281	11.0772	0.5489104	0.07549207	0.00351653	0.00066498
sl	0	0	-0.05	0.017241	14.97308	17.86746	17.3859	16.17949	27	-2.894381	-12.02692	-9.132542	-2.412821	-1.68797	NA	NA	NA	NA	NA	NA	NA	NA	NA	NA	0.18147	0.045	0.035	0.06	0.777778	NA	NA	NA	NA	NA	NA	NA	NA	0.5410751	-0.01387643	0.00351811	0.00013102
sl	0.175	0.175	-0.0125	0.006494	15.26795	17.39726	14.52692	14.89744	26	-2.129313	-10.73205	-8.602739	0.741026	-2.499825	5.142857	4.897959	5.857143	5.5	3	0.244898	2.142857	1.897959	-0.714286	0.602041	0.146802	0.045	0.035	0.06	0.777778	0.0522427	0.0129957	114.214	34.3125	1.391282	0.039247	1.202564	79.9015	0.3938064	-0.1293563	0.0024198	0.00112659
sl	0	0	-0.0625	0.045217	16.96282	18.57275	16.01154	16.48718	27	-1.609931	-10.03718	-8.427248	0.951282	-2.085573	NA	NA	NA	NA	NA	NA	NA	NA	NA	NA	0.156672	0.04	0.034375	0.05125	0.859375	NA	NA	NA	NA	NA	NA	NA	NA	0.2788243	0.0898461	0.0034952	0.0012421
sl	0	0	-0.0625	0.045217	15.92308	18.10256	17	16.46154	29	-2.179479	-13.07692	-10.89744	-1.076923	-1.641017	NA	NA	NA	NA	NA	NA	NA	NA	NA	NA	0.158685	0.04125	0.035625	0.0525	0.863636	NA	NA	NA	NA	NA	NA	NA	NA	0.2608709	0.003902525	0.003271	5.64e-05
sl	0.675	0.325	0.4	0.16269	13.0359	15.75157	16.19487	14.61538	26	-2.715677	-12.9641	-10.24843	-3.158974	-1.13619	8.643875	13.23156	14.97151	11.80769	20	-4.587689	-11.35613	-6.768436	-6.327635	-1.423871	0.141731	0.0425	0.0325	0.0575	0.764706	0.0298236	0.0306927	59.3775	46.2756	-0.02872481	0.0008691	0.2493005	13.1019	0.2767399	0.1500615	0.00313035	0.0017468
sl	0	0	-0.0125	0.016807	15.34231	18.10256	15.99103	15.66667	33	-2.760248	-17.65769	-14.89744	-0.648718	-2.435889	NA	NA	NA	NA	NA	NA	NA	NA	NA	NA	0.118342	0.04625	0.03625	0.06125	0.783784	NA	NA	NA	NA	NA	NA	NA	NA	-0.5881347	-0.4665858	0.00742465	0.00527888
sl	0	0	-0.0125	0.016807	11.9718	13.63569	8.951282	10.46154	23	-1.663896	-11.0282	-9.364309	3.020513	-3.174153	NA	NA	NA	NA	NA	NA	NA	NA	NA	NA	0.110584	0.05	0.04	0.07	0.8	NA	NA	NA	NA	NA	NA	NA	NA	-0.5896776	-0.3987593	0.0099232	0.005821
sl	0	0	-0.0125	0.016807	12.03077	13.16549	6.123077	9.076923	14	-1.134726	-1.969231	-0.834505	5.907692	-4.088572	NA	NA	NA	NA	NA	NA	NA	NA	NA	NA	0.134596	0.05625	0.040625	0.08125	0.722222	NA	NA	NA	NA	NA	NA	NA	NA	-0.1872801	-0.222413	0.003783	0.0046181
sl	0.225	0.225	0.225	0.162162	11.69487	13.63569	4.612821	8.153846	16	-1.94082	-4.305128	-2.364309	7.082051	-5.481845	0.555556	0.367937	0.444444	0.5	0	0.187619	0.555556	0.367937	0.111111	0.132063	0.158939	0.05875	0.043125	0.08375	0.734043	0.0980513	0.0105314	146.375	24.1914	2.23113	0.0875199	1.800175	122.1836	-0.6674403	-0.8247909	0.00798574	0.0108162
sl	0	0	-0.0125	0.016807	16.82564	19.27805	12.2	14.51282	26	-2.452405	-9.174359	-6.721954	4.625641	-4.765226	NA	NA	NA	NA	NA	NA	NA	NA	NA	NA	0.154626	0.055	0.045	0.07	0.818182	NA	NA	NA	NA	NA	NA	NA	NA	-0.5450172	-0.5020972	0.00597101	0.00501758
sl	0	0	-0.0125	0.016807	16.32564	18.80785	12.08461	14.20513	26	-2.482209	-9.674359	-7.19215	4.241026	-4.602722	NA	NA	NA	NA	NA	NA	NA	NA	NA	NA	0.145771	0.05125	0.045625	0.0625	0.890244	NA	NA	NA	NA	NA	NA	NA	NA	-0.4830759	-0.3622904	0.0056958	0.00380772
sl	0	0	-0.125	0.045455	15.58205	18.57275	11.90513	13.74359	29	-2.990701	-13.41795	-10.42725	3.676923	-4.829162	NA	NA	NA	NA	NA	NA	NA	NA	NA	NA	0.146574	0.04875	0.043125	0.06	0.884615	NA	NA	NA	NA	NA	NA	NA	NA	-0.2751913	-0.1228889	0.0033546	0.00130072
sl	0	0	-0.0125	0.016807	15.9359	18.80785	11.96154	13.94872	28	-2.871953	-12.0641	-9.19215	3.974359	-4.859132	NA	NA	NA	NA	NA	NA	NA	NA	NA	NA	0.144869	0.04875	0.043125	0.06	0.884615	NA	NA	NA	NA	NA	NA	NA	NA	-0.4990639	-0.3345412	0.0068942	0.0039983
sl	0.05	0.05	0.05	0.033898	15.85513	18.57275	11.17051	13.51282	28	-2.717624	-12.14487	-9.427248	4.684615	-5.059931	NA	NA	NA	NA	NA	NA	NA	NA	NA	NA	0.137638	0.0475	0.041875	0.05875	0.881579	0.0106822	0.0104995	23	28.6615	0.01725117	0.0001827	-0.2200605	5.6615	-0.6611756	-0.4568941	0.00898833	0.00506423
sl	0.2	0.2	0.1375	0.070453	15.72051	18.57275	11.15128	13.4359	29	-2.852239	-13.27949	-10.42725	4.569231	-5.136855	9.964286	9.256198	13.75	11.85714	7	0.708087	2.964286	2.256198	-3.785714	2.600945	0.141628	0.045	0.039375	0.05625	0.875	0.0632765	0.0134247	70.5714	34.5	1.550418	0.0498518	0.7156656	36.0714	-0.7192134	-0.3661368	0.00952918	0.00348448
sl	0.1	0.1	-0.0375	0.00381	16.93974	21.86413	17.88077	17.41026	23	-4.924382	-6.060256	-1.135874	-0.941026	-4.453869	6.333333	6.545455	5.666667	6	8	-0.212121	-1.666667	-1.454545	0.666667	-0.545455	0.080137	0.0325	0.026875	0.04	0.826923	0.0215171	0.00714064	52	20.3389	1.103046	0.01437646	0.9387084	31.6611	-0.4846566	-0.3163487	0.00374741	0.00214604
sl	0	0	-0.0125	0.016807	10.77949	11.04961	8.4	9.589744	4	-0.270125	6.779487	7.049612	2.379487	-1.459868	NA	NA	NA	NA	NA	NA	NA	NA	NA	NA	0.172867	0.0475	0.0375	0.0625	0.789474	NA	NA	NA	NA	NA	NA	NA	NA	-0.2003421	-0.1962031	0.0023818	0.0023117
sl	0.2	0.2	0.1	0.022837	9.887179	11.28471	7.34359	8.615385	6	-1.397531	3.887179	5.28471	2.54359	-2.669325	6.107143	6.556474	10.17857	8.142857	8	-0.449331	-1.892857	-1.443526	-4.071429	1.586383	0.188075	0.0475	0.0375	0.0625	0.789474	NA	NA	84.2679	33.4304	NA	NA	0.9245353	50.8375	0.08605588	-0.007440395	0.0009151	8.17e-05
sl	0.175	0.175	0	0	10.27436	11.99	10.23846	10.25641	5	-1.715645	5.274359	6.990004	0.035897	-1.733594	6.285714	6.938776	9.047619	7.666667	6	-0.653061	0.285714	0.938776	-2.761905	0.727891	0.223971	0.0575	0.041875	0.07625	0.728261	NA	NA	49.9286	34.3655	NA	NA	0.3735408	15.5631	-0.06823672	-0.1679165	0.0007742	0.0020361
sl	0	0	-0.0125	0.016807	9.660256	14.10589	9.467949	9.564103	19	-4.445631	-9.339744	-4.894112	0.192308	-4.541785	NA	NA	NA	NA	NA	NA	NA	NA	NA	NA	0.184824	0.0525	0.036875	0.07125	0.702381	NA	NA	NA	NA	NA	NA	NA	NA	-0.4648623	-0.6011704	0.00533476	0.007428
sl	0.025	0.025	0.025	0.016807	11.47051	14.57608	10.42692	10.94872	21	-3.105571	-9.529487	-6.423916	1.04359	-3.627366	NA	NA	NA	NA	NA	NA	NA	NA	NA	NA	0.179703	0.0475	0.0375	0.0625	0.789474	NA	NA	NA	NA	NA	NA	NA	NA	-0.3454463	-0.2438561	0.0064148	0.0041943
sl	0.025	0.025	0.025	0.016807	11.47051	14.57608	10.42692	10.94872	21	-3.105571	-9.529487	-6.423916	1.04359	-3.627366	NA	NA	NA	NA	NA	NA	NA	NA	NA	NA	0.179703	0.0475	0.0375	0.0625	0.789474	NA	NA	NA	NA	NA	NA	NA	NA	-0.356539	-0.2552055	0.0065863	0.0043657
sl	0.15	0.15	-0.2375	0.082709	12.0282	15.28138	10.5359	11.28205	21	-3.253173	-8.971795	-5.718622	1.492308	-3.999327	11.06667	13.13869	12.13333	11.6	20	-2.072019	-8.933333	-6.861314	-1.066667	-1.538686	0.161216	0.05	0.04	0.065	0.8	0.0153447	0.0198193	24	44.3779	-0.2558861	0.0044746	-0.6146878	20.3779	-0.2225545	-0.1376737	0.00342	0.0020535
sl	0.025	0.025	0.025	0.016807	10.66923	14.57608	10.6641	10.66667	25	-3.906853	-14.33077	-10.42392	0.005128	-3.909417	NA	NA	NA	NA	NA	NA	NA	NA	NA	NA	0.242723	0.05	0.04	0.065	0.8	NA	NA	NA	NA	NA	NA	NA	NA	-0.3493686	-0.3078653	0.0065405	0.0057433
sl	0	0	-0.0125	0.016807	8.519231	13.63569	6.711538	7.615385	26	-5.116461	-17.48077	-12.36431	1.807692	-6.020307	NA	NA	NA	NA	NA	NA	NA	NA	NA	NA	0.194866	0.05375	0.04375	0.07375	0.813953	NA	NA	NA	NA	NA	NA	NA	NA	-0.6534589	-0.5485388	0.0105511	0.0083135
sl	1	0	0.0125	0.016807	8.847436	13.87079	6.79359	7.820513	26	-5.023354	-17.15256	-12.12921	2.053846	-6.050277	8.847436	13.87079	6.79359	7.820513	26	-5.023354	-17.15256	-12.12921	2.053846	-6.050277	0.191733	0.05	0.04	0.065	0.8	NA	NA	NA	NA	NA	NA	NA	NA	-0.7556455	-0.6102108	0.0117743	0.0085624
sl	0	0	-0.0125	0.016807	9.105128	14.34099	11.71538	10.41026	27	-5.235858	-17.89487	-12.65901	-2.610256	-3.930729	NA	NA	NA	NA	NA	NA	NA	NA	NA	NA	0.243002	0.05125	0.035625	0.07	0.695122	NA	NA	NA	NA	NA	NA	NA	NA	0.1066043	0.09014386	0.0015158	0.0012806
sl	0	0	-0.0125	0.016807	8.905128	14.57608	11.09487	10	28	-5.670956	-19.09487	-13.42392	-2.189744	-4.576084	NA	NA	NA	NA	NA	NA	NA	NA	NA	NA	0.172228	0.0475	0.0375	0.0625	0.789474	NA	NA	NA	NA	NA	NA	NA	NA	0.151778	0.07411399	0.002139	0.0010962
sl	0.25	0.25	0.25	0.181818	13.63077	14.10589	10.26667	11.94872	19	-0.475118	-5.369231	-4.894112	3.364103	-2.15717	15.68889	13.78594	12.31111	14	12	1.902944	3.688889	1.785945	3.377778	0.214055	0.169197	0.04875	0.03875	0.06375	0.794872	0.0251982	0.017006	36.9778	36.7207	0.3932063	0.0081922	0.006977104	0.2571	-0.6842224	-0.709317	0.00886932	0.00932755
sl	0.1	0.1	0.1	0.068966	16.02949	15.51648	14.99615	15.51282	16	0.513011	0.029487	-0.483524	1.033333	-0.003656	13.33333	13.09091	16	14.66667	10	0.242424	3.333333	3.090909	-2.666667	1.575758	0.19757	0.05125	0.04125	0.06625	0.804878	0.0114852	0.0177968	22.6667	35.9778	-0.4379594	0.0063116	-0.4620052	13.3111	-0.5203021	-0.5355439	0.0083397	0.0086065
sl	0.025	0.025	0	0.017094	15.11282	13.40059	14.63077	14.8718	15	1.712227	0.112821	-1.599407	0.482051	1.471202	NA	NA	NA	NA	NA	NA	NA	NA	NA	NA	0.221042	0.08375	0.053125	0.13625	0.634328	NA	NA	NA	NA	NA	NA	NA	NA	-0.3082364	-0.4131641	0.004277	0.0060987
sl	0.05	0.05	-0.275	0.103261	15.9	14.10589	14.86923	15.38462	16	1.794112	-0.1	-1.894112	1.030769	1.278728	NA	NA	NA	NA	NA	NA	NA	NA	NA	NA	0.21554	0.08375	0.053125	0.13625	0.634328	0.266159	0.0133025	160.5	33.638	2.996142	0.2528565	1.562638	126.862	-0.03487324	-0.1506819	0.0003979	0.0018343
sl	0	0	-0.0625	0.086957	17.00513	14.34099	15.91795	16.46154	14	2.664142	3.005128	0.340986	1.087179	2.120553	NA	NA	NA	NA	NA	NA	NA	NA	NA	NA	0.232242	0.06625	0.04375	0.09625	0.660377	NA	NA	NA	NA	NA	NA	NA	NA	-0.3611709	-0.2295079	0.0050364	0.0029731
sl	0	0	-0.0125	0.016807	16.53846	14.10589	15.05128	15.79487	14	2.432574	2.538462	0.105888	1.487179	1.688984	NA	NA	NA	NA	NA	NA	NA	NA	NA	NA	0.219229	0.06625	0.04375	0.09625	0.660377	NA	NA	NA	NA	NA	NA	NA	NA	-0.333681	-0.3655252	0.0045859	0.0051089
sl	0	0	-0.0125	0.016807	17.86667	15.04628	15.05641	16.46154	14	2.820387	3.866667	1.04628	2.810256	1.415258	NA	NA	NA	NA	NA	NA	NA	NA	NA	NA	0.237511	0.075	0.044375	0.11	0.591667	NA	NA	NA	NA	NA	NA	NA	NA	-0.2703925	-0.1881426	0.0038717	0.0025465
sl	0.65	0.35	-0.3	0.156863	9.325641	9.639023	6.674359	8	12	-0.313382	-2.674359	-2.360977	2.651282	-1.639023	7.910769	8.647894	3.689231	5.8	14	-0.737124	-6.089231	-5.352106	4.221538	-2.847894	0.078308	0.07375	0.058125	0.105	0.788136	0.0238276	0.0478162	38.7785	68.5714	-0.6965199	0.0239886	-0.5700096	29.7929	-0.5513853	-0.618904	0.0086917	0.0100438
sl	0.175	0.175	-0.4625	0.21079	11.44744	10.34432	6.962821	9.205128	12	1.103118	-0.552564	-1.655682	4.484615	-1.139189	2	2.857143	5.333333	3.666667	4	-0.857143	-2	-1.142857	-3.333333	0.809524	0.087056	0.07375	0.058125	0.105	0.788136	NA	NA	125.119	29.6032	NA	NA	1.441383	95.5158	-0.3515929	-0.6809306	0.00401368	0.00929488
sl	0.025	0.025	0.025	0.016807	10.42821	9.639023	6.597436	8.512821	12	0.789182	-1.571795	-2.360977	3.830769	-1.126203	NA	NA	NA	NA	NA	NA	NA	NA	NA	NA	0.088338	0.07375	0.058125	0.105	0.788136	NA	NA	NA	NA	NA	NA	NA	NA	-0.5265544	-0.802915	0.00636904	0.01132164
sl	0.55	0.45	-0.1625	0.037666	14.12051	13.16549	15.00769	14.5641	10	0.955018	4.120513	3.165495	-0.887179	1.398607	7.614719	7.406679	6.385281	7	10	0.20804	-2.385281	-2.593321	1.229437	-0.406679	0.160877	0.06125	0.05125	0.08125	0.836735	0.0278064	0.0315804	49.9026	44.3987	-0.1272705	0.003774	0.1168629	5.5039	-0.04259777	0.1536955	0.00039729	0.0013055
sl	0.85	0.15	-0.0125	0.001142	15.7218	14.81118	16.63718	16.17949	13	0.910613	2.721795	1.811182	-0.915385	1.368305	14.16043	14.42967	15.77897	14.9697	12	-0.26924	2.160428	2.429668	-1.618538	0.540029	0.147916	0.06625	0.050625	0.09125	0.764151	0.0124627	0.0925571	29.5214	105.433	-2.005086	0.0800944	-1.27296	75.9116	-0.1050347	-0.1372737	0.00086344	0.00132727
sl	0	0	-0.1125	0.042042	15.98333	15.04628	16.68333	16.33333	13	0.937053	2.983333	2.04628	-0.7	1.287053	NA	NA	NA	NA	NA	NA	NA	NA	NA	NA	0.156773	0.06625	0.050625	0.09125	0.764151	NA	NA	NA	NA	NA	NA	NA	NA	-0.004977038	-0.04307059	4.306e-05	0.00043665
sl	0.15	0.15	0.125	0.055804	15.98333	15.04628	16.68333	16.33333	13	0.937053	2.983333	2.04628	-0.7	1.287053	1.4	1.313869	2.2	1.8	1	0.086131	0.4	0.313869	-0.8	0.486131	0.156773	0.06625	0.050625	0.09125	0.764151	0.0925571	0.0135612	105.7	31.3645	1.920613	0.0789959	1.214928	74.3355	-0.1345861	-0.2094007	0.00124254	0.00228078
sl	0	0	-0.0125	0.016807	11.64103	13.16549	12.8718	12.25641	14	-1.524469	-2.358974	-0.834505	-1.230769	-0.909085	NA	NA	NA	NA	NA	NA	NA	NA	NA	NA	0.100453	0.0525	0.0425	0.0675	0.809524	NA	NA	NA	NA	NA	NA	NA	NA	-0.2871865	-0.3504812	0.00228808	0.00307474
sl	0.35	0.35	0.325	0.206731	11.38077	13.16549	11.64487	11.51282	14	-1.784726	-2.619231	-0.834505	-0.264103	-1.652675	7.802198	5.974591	7.582418	7.692308	4	1.827606	3.802198	1.974591	0.21978	1.717716	0.099158	0.0525	0.0425	0.0675	0.809524	0.0305116	0.0138992	52.8901	24.36	0.7862757	0.0166124	0.7752737	28.5301	-0.5310828	-0.5127056	0.00379423	0.00412182
sl	0	0	-0.0875	0.04804	8.479487	10.57942	4.853846	6.666667	12	-2.099929	-3.520513	-1.420584	3.625641	-3.912749	NA	NA	NA	NA	NA	NA	NA	NA	NA	NA	0.065819	0.05375	0.04375	0.06875	0.813953	NA	NA	NA	NA	NA	NA	NA	NA	0.1015059	-0.03388764	0.0013946	0.0005119
sl	0	0	-0.1125	0.054054	6.20641	7.993336	5.742308	5.974359	7	-1.786926	-0.79359	0.993336	0.464103	-2.018977	NA	NA	NA	NA	NA	NA	NA	NA	NA	NA	0.098918	0.05	0.044375	0.06125	0.8875	NA	NA	NA	NA	NA	NA	NA	NA	0.2000488	0.356687	0.0030799	0.0049865
sl	0.15	0.15	0.15	0.105263	7.152564	8.228434	5.411538	6.282051	5	-1.07587	2.152564	3.228434	1.741026	-1.946383	2.666667	3.50365	8.533333	5.6	3	-0.836983	-0.333333	0.50365	-5.866667	2.09635	0.106553	0.07875	0.048125	0.1225	0.611111	NA	NA	85.8667	34.8467	NA	NA	0.9018377	51.02	-0.1301623	0.001205909	0.001941	1.68e-05
sl	0	0	-0.2125	0.083381	7.142308	7.993336	5.421795	6.282051	5	-0.851029	2.142308	2.993336	1.720513	-1.711285	NA	NA	NA	NA	NA	NA	NA	NA	NA	NA	0.111495	0.08125	0.050625	0.125	0.623077	NA	NA	NA	NA	NA	NA	NA	NA	0.3677943	0.3953432	0.00420275	0.00444263
sl	0.2	0.2	0.2	0.142857	7.142308	7.993336	5.421795	6.282051	5	-0.851029	2.142308	2.993336	1.720513	-1.711285	2.142857	1.5427	2.428571	2.285714	0	0.600157	2.142857	1.5427	-0.285714	0.743015	0.111495	0.08125	0.050625	0.125	0.623077	0.0843512	0.0187487	80.4107	28.9335	1.503865	0.0656025	1.022147	51.4772	-0.01215048	-0.04516877	0.0001401	0.0005271
sl	0.025	0.025	0.025	0.016807	9.760256	9.639023	4.547436	7.153846	7	0.121233	2.760256	2.639023	5.212821	-2.485177	NA	NA	NA	NA	NA	NA	NA	NA	NA	NA	0.164392	0.07375	0.043125	0.1	0.584746	NA	NA	NA	NA	NA	NA	NA	NA	-0.02592604	-0.1802037	0.0002833	0.0022136
sl	0	0	-0.0125	0.016807	8.39359	11.04961	6.426923	7.410256	15	-2.656022	-6.60641	-3.950388	1.966667	-3.639356	NA	NA	NA	NA	NA	NA	NA	NA	NA	NA	0.183056	0.06625	0.04375	0.08875	0.660377	NA	NA	NA	NA	NA	NA	NA	NA	0.3305595	-0.04930347	0.005149	0.0009487
sl	0	0	-0.025	0.033898	7.026923	10.10922	5.537179	6.282051	15	-3.082296	-7.973077	-4.890781	1.489744	-3.827168	NA	NA	NA	NA	NA	NA	NA	NA	NA	NA	0.060941	0.05625	0.040625	0.075	0.722222	NA	NA	NA	NA	NA	NA	NA	NA	0.03582554	0.1312517	0.0004055	0.0014182
sl	0.05	0.05	0.05	0.033898	7.207692	10.57942	5.920513	6.564103	14	-3.371723	-6.792308	-3.420584	1.287179	-4.015313	NA	NA	NA	NA	NA	NA	NA	NA	NA	NA	0.067006	0.05	0.04	0.065	0.8	0.498783	0.0113902	200	24.8926	3.779418	0.4873928	2.083747	175.1074	-0.1845211	-0.1365828	0.00173994	0.00128243
sl	0.075	0.075	-0.2125	0.064648	6.880769	10.10922	4.35	5.615385	15	-3.22845	-8.119231	-4.890781	2.530769	-4.493835	4	4	3	3.5	5	0	-1	-1	1	-0.5	0.077564	0.06625	0.04375	0.09625	0.660377	0.0174614	0.0194762	36	36.0443	-0.1092005	0.0020148	-0.001229799	0.0443	0.5895286	0.4701517	0.00648853	0.00558494
sl	0	0	-0.0125	0.016807	7.187179	10.34432	3.889744	5.538462	15	-3.157138	-7.812821	-4.655682	3.297436	-4.805856	NA	NA	NA	NA	NA	NA	NA	NA	NA	NA	0.076192	0.0625	0.04	0.085	0.64	NA	NA	NA	NA	NA	NA	NA	NA	0.2633456	0.1007154	0.0034225	0.0015086
sl	0.025	0.025	0.025	0.016807	6.096154	8.698631	3.185897	4.641026	12	-2.602477	-5.903846	-3.301369	2.910256	-4.057605	NA	NA	NA	NA	NA	NA	NA	NA	NA	NA	0.111135	0.06875	0.04625	0.09875	0.672727	NA	NA	NA	NA	NA	NA	NA	NA	-0.05935216	-0.09077961	0.0009456	0.0014815
sl	0.725	0.275	0.1375	0.018541	6.684615	8.698631	4.905128	5.794872	12	-2.014015	-5.315385	-3.301369	1.779487	-2.903759	3.931034	5.856633	2.926108	3.428571	11	-1.925599	-7.068966	-5.143367	1.004926	-2.428062	0.11465	0.06875	0.04625	0.10625	0.672727	NA	NA	44.0419	35.6545	NA	NA	0.2112661	8.3874	-0.006483462	0.01917238	8.97e-05	0.0002682
sl	0.025	0.025	0.025	0.016807	7.232051	8.698631	3.485897	5.358974	9	-1.466579	-1.767949	-0.301369	3.746154	-3.339656	NA	NA	NA	NA	NA	NA	NA	NA	NA	NA	0.082787	0.06375	0.04125	0.08625	0.647059	NA	NA	NA	NA	NA	NA	NA	NA	-0.1926288	-0.2212065	0.0034327	0.0041042
sl	0.075	0.075	0.075	0.051282	7.596154	10.81451	7.121795	7.358974	12	-3.21836	-4.403846	-1.185486	0.474359	-3.455539	0	0	0	0	0	0	0	0	0	0	0.120384	0.06375	0.04125	0.08625	0.647059	NA	NA	167.667	25.5653	NA	NA	1.880744	142.1017	-0.3125512	-0.4166407	0.0052772	0.0076866
sl	0	0	-0.0125	0.016807	7.252564	10.57942	7.055128	7.153846	12	-3.326852	-4.747436	-1.420584	0.197436	-3.42557	NA	NA	NA	NA	NA	NA	NA	NA	NA	NA	0.122439	0.06375	0.04125	0.08625	0.647059	NA	NA	NA	NA	NA	NA	NA	NA	-0.3608529	-0.4022722	0.0060149	0.0070114
sl	0	0	-0.05	0.017241	7.85641	11.04961	11.22051	9.538462	12	-3.193202	-4.14359	-0.950388	-3.364103	-1.51115	NA	NA	NA	NA	NA	NA	NA	NA	NA	NA	0.120602	0.06125	0.03875	0.08375	0.632653	NA	NA	NA	NA	NA	NA	NA	NA	-0.4243611	-0.6512739	0.0064974	0.0119514
sl	0.95	0.05	-0.05	0.033898	7.279487	10.57942	9.541026	8.410256	10	-3.299929	-2.720513	0.579416	-2.261538	-2.169159	6.495021	9.044203	6.153627	6.324324	8	-2.549182	-1.504979	1.044203	0.341394	-2.719879	0.123562	0.06	0.0375	0.0825	0.625	0.0178966	0.0122137	35.3798	22	0.3820525	0.0056829	0.4750986	13.3798	-0.3798273	-0.5987558	0.0072515	0.0133245
sl	0.025	0.025	0.025	0.016807	8.241026	11.28471	12.27179	10.25641	17	-3.043684	-8.758974	-5.71529	-4.030769	-1.0283	NA	NA	NA	NA	NA	NA	NA	NA	NA	NA	0.130293	0.06625	0.035625	0.0925	0.537736	NA	NA	NA	NA	NA	NA	NA	NA	-0.1725751	-0.5643423	0.0026797	0.011277
sl	0	0	-0.0125	0.016807	8.337179	10.81451	12.22692	10.28205	16	-2.477334	-7.662821	-5.185486	-3.889744	-0.532463	NA	NA	NA	NA	NA	NA	NA	NA	NA	NA	0.128593	0.06625	0.035625	0.0925	0.537736	NA	NA	NA	NA	NA	NA	NA	NA	-0.1406913	-0.5104528	0.0022188	0.0101859
sl	0.025	0.025	0.025	0.016807	9.342308	11.04961	9.991026	9.666667	19	-1.707304	-9.657692	-7.950388	-0.648718	-1.382945	NA	NA	NA	NA	NA	NA	NA	NA	NA	NA	0.141794	0.0625	0.031875	0.08875	0.51	NA	NA	NA	NA	NA	NA	NA	NA	-0.5123483	-0.9393692	0.008221	0.0201327
sl	0.025	0.025	0.025	0.016807	11.58974	12.2251	11.07692	11.33333	19	-0.635359	-7.410256	-6.774897	0.512821	-0.891769	NA	NA	NA	NA	NA	NA	NA	NA	NA	NA	0.158462	0.055	0.0325	0.0775	0.590909	NA	NA	NA	NA	NA	NA	NA	NA	-0.6303131	-0.9337933	0.010234	0.0196841
sl	0	0	-0.0125	0.016807	10.44359	12.2251	8.325641	9.384615	15	-1.781513	-4.55641	-2.774897	2.117949	-2.840487	NA	NA	NA	NA	NA	NA	NA	NA	NA	NA	0.120476	0.0475	0.0375	0.0675	0.789474	NA	NA	NA	NA	NA	NA	NA	NA	-0.1916063	-0.1571168	0.002249	0.0018966
sl	0.475	0.475	0.3125	0.111506	11.13718	12.6953	9.734615	10.4359	17	-1.558119	-5.862821	-4.304701	1.402564	-2.259401	6.233918	6.580626	5.432749	5.833333	10	-0.346708	-3.766082	-3.419374	0.80117	-0.747293	0.113746	0.04375	0.03375	0.05875	0.771429	0.0269251	0.0147793	48.462	30.0238	0.5998314	0.0121458	0.4787896	18.4382	-0.3734005	-0.3228792	0.00401775	0.00350467
sl	0.025	0.025	0.025	0.016807	10.30641	12.6953	8.924359	9.615385	22	-2.388889	-11.69359	-9.304701	1.382051	-3.079914	NA	NA	NA	NA	NA	NA	NA	NA	NA	NA	0.11917	0.0375	0.0275	0.0475	0.733333	NA	NA	NA	NA	NA	NA	NA	NA	-0.3881006	-0.5287166	0.00473841	0.00680544
sl	0.175	0.175	-0.3375	0.109375	9.216667	11.75491	6.834615	8.025641	21	-2.53824	-11.78333	-9.245094	2.382051	-3.729265	2.190476	2.44898	4.142857	3.166667	2	-0.258503	0.190476	0.44898	-1.952381	0.717687	0.068744	0.04625	0.03625	0.06125	0.783784	0.0369189	0.0139547	66.2381	26.6894	0.9729072	0.0229642	0.9089893	39.5487	-0.07126508	-0.1201841	0.00073115	0.0013086
sl	0	0	-0.125	0.050909	11.6282	12.6953	9.192308	10.41026	18	-1.067094	-6.371795	-5.304701	2.435897	-2.285042	NA	NA	NA	NA	NA	NA	NA	NA	NA	NA	0.107801	0.05	0.04	0.07	0.8	NA	NA	NA	NA	NA	NA	NA	NA	-0.1910063	-0.1841418	0.00186155	0.0019106
sl	0.125	0.125	0.125	0.086957	13.05	11.75491	12.53974	12.79487	11	1.295094	2.05	0.754906	0.510256	1.039965	6.2	6.72	7.3	6.75	8	-0.52	-1.8	-1.28	-1.1	0.03	0.179804	0.055	0.039375	0.08	0.715909	NA	NA	77	36.8092	NA	NA	0.7380576	40.1908	0.2477858	0.08662983	0.0024507	0.0009805
sl	0.525	0.475	0.475	0.306526	13.83846	12.2251	14.87949	14.35897	13	1.613359	0.838462	-0.774897	-1.041026	2.133872	7.457143	7.782664	12.94286	10.2	9	-0.325521	-1.542857	-1.217336	-5.485714	2.417336	0.223952	0.04875	0.03875	0.06875	0.794872	0.0408385	0.0150115	82.1381	35.4474	1.000809	0.025827	0.8403521	46.6907	0.224888	0.2003734	0.00249876	0.00219889
sl	0	0	-0.025	0.033898	12.47051	11.75491	14.04231	13.25641	13	0.715606	-0.529487	-1.245094	-1.571795	1.501504	NA	NA	NA	NA	NA	NA	NA	NA	NA	NA	0.217661	0.06	0.029375	0.08625	0.489583	NA	NA	NA	NA	NA	NA	NA	NA	0.208773	0.2909223	0.0029641	0.0039509
sl	0.025	0.025	0.025	0.016807	12.61923	12.2251	13.79103	13.20513	14	0.394128	-1.380769	-1.774897	-1.171795	0.980026	NA	NA	NA	NA	NA	NA	NA	NA	NA	NA	0.220986	0.06125	0.030625	0.0875	0.5	NA	NA	NA	NA	NA	NA	NA	NA	0.1457377	0.1082358	0.0021673	0.0016594
sl	0	0	-0.0125	0.016807	11.11538	11.75491	11.44872	11.28205	15	-0.639522	-3.884615	-3.245094	-0.333333	-0.472855	NA	NA	NA	NA	NA	NA	NA	NA	NA	NA	0.184952	0.06125	0.030625	0.0875	0.5	NA	NA	NA	NA	NA	NA	NA	NA	0.1551371	0.1926792	0.0029514	0.0035948
sl	0	0	-0.0125	0.016807	8.611538	10.10922	7.234615	7.923077	16	-1.497681	-7.388462	-5.890781	1.376923	-2.186143	NA	NA	NA	NA	NA	NA	NA	NA	NA	NA	0.119528	0.05	0.034375	0.06875	0.6875	NA	NA	NA	NA	NA	NA	NA	NA	-0.1322103	0.0467205	0.00117049	0.0003781
sl	0.725	0.275	-0.2125	0.109375	9.516667	10.81451	8.791026	9.153846	17	-1.297847	-7.483333	-6.185486	0.725641	-1.660668	9.147783	8.912268	7.852217	8.5	10	0.235515	-0.852217	-1.087732	1.295567	-0.412268	0.106312	0.04875	0.03875	0.06375	0.794872	0.0154668	0.0419398	27.4631	66.3455	-0.9975395	0.026473	-0.8820327	38.8824	-0.3196206	0.04436172	0.00363765	0.00040958
sl	0.125	0.125	0.125	0.086957	9.388462	10.57942	6.560256	7.974359	13	-1.190954	-3.611538	-2.420584	2.828205	-2.605057	1.4	1.44	1.1	1.25	2	-0.04	-0.6	-0.56	0.3	-0.19	0.085581	0.04375	0.038125	0.055	0.871429	NA	NA	129.2	21.9849	NA	NA	1.771006	107.2151	-0.7481688	-0.9443857	0.0089521	0.01296984
sl	0	0	-0.0125	0.016807	8.957692	11.04961	5.042308	7	14	-2.09192	-5.042308	-2.950388	3.915385	-4.049612	NA	NA	NA	NA	NA	NA	NA	NA	NA	NA	0.080445	0.04625	0.040625	0.0575	0.878378	NA	NA	NA	NA	NA	NA	NA	NA	-0.3853344	-0.4701998	0.0078251	0.0098685
sl	0.025	0.025	0.025	0.016807	9.1	11.28471	5.053846	7.076923	14	-2.18471	-4.9	-2.71529	4.046154	-4.207787	NA	NA	NA	NA	NA	NA	NA	NA	NA	NA	0.078824	0.04625	0.040625	0.0575	0.878378	NA	NA	NA	NA	NA	NA	NA	NA	-0.4107117	-0.5363192	0.0082422	0.0113827
sl	0.4	0.4	0.3875	0.275271	7.811538	10.10922	4.137179	5.974359	14	-2.297681	-6.188462	-3.890781	3.674359	-4.13486	4.866667	6.027312	3.666667	4.266667	9	-1.160645	-4.133333	-2.972688	1.2	-1.760645	0.051022	0.05	0.034375	0.06875	0.6875	0.0244964	0.0238517	43.6875	40.2246	0.02667067	0.0006447	0.08258327	3.4629	-0.740521	-0.8862771	0.0128338	0.0166291
sl	0.075	0.075	0.075	0.051282	7.426923	9.874121	4.008974	5.717949	14	-2.447198	-6.573077	-4.125879	3.417949	-4.156173	2	2	2	2	2	0	0	0	0	0	0.051607	0.05	0.034375	0.06875	0.6875	NA	NA	143.667	29.6164	NA	NA	1.57917	114.0506	-0.4194189	-0.4934892	0.0087887	0.0106385
sl	0	0	-0.0125	0.016807	7.810256	11.51981	10.44615	9.128205	14	-3.709552	-6.189744	-2.480192	-2.635897	-2.391603	NA	NA	NA	NA	NA	NA	NA	NA	NA	NA	0.177452	0.055	0.0325	0.07	0.590909	NA	NA	NA	NA	NA	NA	NA	NA	-0.02194422	0.08645696	0.0004436	0.0016673
sl	0.05	0.05	0.05	0.033898	12.99615	15.28138	12.08077	12.53846	14	-2.285224	-1.003846	1.281378	0.915385	-2.742917	NA	NA	NA	NA	NA	NA	NA	NA	NA	NA	0.152247	0.05	0.04	0.065	0.8	0.214525	0.00723487	200	19.5804	3.389514	0.2072901	2.323788	180.4196	-0.8870549	-0.7576814	0.00995374	0.00758399
sl	0.5	0.5	0.2	0.040072	13.92821	16.22177	12.43077	13.17949	13	-2.293566	0.928205	3.221771	1.497436	-3.042284	12.20526	11.55665	10.63684	11.42105	12	0.648609	0.205263	-0.443346	1.568421	-0.135601	0.12704	0.05	0.04	0.065	0.8	0.0163952	0.0149338	33.2474	32.9632	0.09336151	0.0014614	0.008584781	0.2842	-0.8822675	-0.7734741	0.00937786	0.00694553
sl	0.05	0.05	0.05	0.033898	15.85769	17.39726	13.93718	14.89744	13	-1.539569	2.857692	4.397261	1.920513	-2.499825	NA	NA	NA	NA	NA	NA	NA	NA	NA	NA	0.143894	0.0375	0.031875	0.045	0.85	0.214525	0.0101215	200	24.9858	3.053764	0.2044035	2.08001	175.0142	-0.5968784	-0.3878936	0.00773286	0.00438142
sl	0.1	0.1	0.1	0.068966	13.40769	16.69197	16.54103	14.97436	15	-3.284275	-1.592308	1.691967	-3.133333	-1.717608	11.33333	10.90909	8.666667	10	11	0.424242	0.333333	-0.090909	2.666667	-0.909091	0.143026	0.03875	0.033125	0.04625	0.854839	0.0246048	0.0096254	53.5	25.5238	0.9385361	0.0149794	0.7400703	27.9762	-0.5919587	-0.5627021	0.0065823	0.00590928
sl	0	0	-0.0125	0.016807	12.86282	16.22177	12.82949	12.84615	19	-3.35895	-6.137179	-2.778229	0.033333	-3.375617	NA	NA	NA	NA	NA	NA	NA	NA	NA	NA	0.141278	0.04375	0.03375	0.05375	0.771429	NA	NA	NA	NA	NA	NA	NA	NA	-0.5567242	-0.3880799	0.007563	0.00450067
sl	0.1	0.1	0.1	0.068966	8.508974	12.2251	6.721795	7.615385	18	-3.716128	-9.491026	-5.774897	1.787179	-4.609718	2	2.181818	3.333333	2.666667	2	-0.181818	0	0.181818	-1.333333	0.484848	0.108441	0.0375	0.031875	0.04875	0.85	0.129476	0.0123192	107.833	25.4175	2.352337	0.1171568	1.445146	82.4155	-0.9326501	-0.5388176	0.0161375	0.0071515
sl	0	0	-0.0125	0.016807	8.361538	10.57942	1.792308	5.076923	13	-2.217877	-4.638462	-2.420584	6.569231	-5.502493	NA	NA	NA	NA	NA	NA	NA	NA	NA	NA	0.061106	0.03875	0.033125	0.05	0.854839	NA	NA	NA	NA	NA	NA	NA	NA	-0.6592842	-0.5421486	0.0122787	0.0090009
sl	0	0	-0.3375	0.145759	9.280769	11.75491	4.411538	6.846154	18	-2.474137	-8.719231	-6.245094	4.869231	-4.908752	NA	NA	NA	NA	NA	NA	NA	NA	NA	NA	0.092406	0.04875	0.03875	0.06875	0.794872	NA	NA	NA	NA	NA	NA	NA	NA	-0.01760111	-0.08003778	0.00014494	0.00065082
sl	0.075	0.075	0.075	0.051282	9.976923	11.75491	5.920513	7.948718	17	-1.777983	-7.023077	-5.245094	4.05641	-3.806188	2	2	3	2.5	1	0	1	1	-1	0.5	0.141673	0.0575	0.035	0.08	0.608696	0.0445234	0.0130257	76.3333	28.8851	1.229091	0.0314977	0.9717834	47.4482	0.02756518	-0.1755396	0.0002972	0.0021004
sl	0.7	0.3	0.45	0.215278	10.12436	12.4602	6.952564	8.538462	22	-2.335842	-11.87564	-9.539799	3.171795	-3.921739	6.214286	8.480115	6.452381	6.333333	16	-2.265829	-9.785714	-7.519885	-0.238095	-2.146781	0.165008	0.05875	0.043125	0.09	0.734043	0.0225499	0.0266999	43.0529	40.75	-0.1689292	0.00415	0.05497375	2.3029	-0.03864414	-0.1183453	0.000438	0.00137
sl	0.025	0.025	0.025	0.016807	10.31538	12.6953	7.530769	8.923077	21	-2.379914	-10.68462	-8.304701	2.784615	-3.772222	NA	NA	NA	NA	NA	NA	NA	NA	NA	NA	0.144219	0.05625	0.040625	0.08125	0.722222	NA	NA	NA	NA	NA	NA	NA	NA	-0.2838464	-0.3803833	0.0049578	0.0070271
sl	0.275	0.275	0.1375	0.034323	10.47564	13.16549	8.447436	9.461538	23	-2.689854	-12.52436	-9.834505	2.028205	-3.703957	2.618182	3.755589	4.381818	3.5	7	-1.137407	-4.381818	-3.244411	-1.763636	-0.255589	0.132986	0.05375	0.038125	0.07875	0.709302	0.0639124	0.0223218	85.5273	35.6121	1.05195	0.0415906	0.8761502	49.9152	-0.2703729	-0.392585	0.0043528	0.0065535
sl	0.05	0.05	0.0375	0.017094	9.25	13.40059	8.955128	9.102564	23	-4.150593	-13.75	-9.599407	0.294872	-4.298029	NA	NA	NA	NA	NA	NA	NA	NA	NA	NA	0.124835	0.0525	0.0425	0.0675	0.809524	0.0335708	0.0137362	56	28.0156	0.893622	0.0198346	0.6925902	27.9844	0.1470885	-0.1779837	0.00148677	0.0022743
sl	0.025	0.025	-0.1625	0.094952	9.197436	13.87079	8.853846	9.025641	25	-4.673354	-15.80256	-11.12921	0.34359	-4.845148	NA	NA	NA	NA	NA	NA	NA	NA	NA	NA	0.115439	0.0475	0.0375	0.0625	0.789474	NA	NA	NA	NA	NA	NA	NA	NA	0.4830855	0.1792773	0.00576531	0.0025064
sl	0.075	0.075	-0.25	0.132626	9.508974	14.34099	8.901282	9.205128	26	-4.832011	-16.49103	-11.65901	0.607692	-5.135858	4.666667	4.666667	7.333333	6	2	0	2.666667	2.666667	-2.666667	1.333333	0.111809	0.05125	0.035625	0.07	0.695122	0.0185644	0.0157745	40	35.6344	0.1628511	0.0027899	0.115568	4.3656	0.1485213	0.1699419	0.0017167	0.0019851
sl	0.025	0.025	0.0125	0.008475	9.565385	11.99	8.742308	9.153846	13	-2.42462	-3.434615	-1.009996	0.823077	-2.836158	NA	NA	NA	NA	NA	NA	NA	NA	NA	NA	0.092244	0.05875	0.03625	0.08125	0.617021	NA	NA	NA	NA	NA	NA	NA	NA	0.05001212	-0.07409788	0.000734	0.0011976
sl	0	0	-0.0125	0.016807	9.655128	11.75491	8.857692	9.25641	11	-2.099778	-1.344872	0.754906	0.797436	-2.498496	NA	NA	NA	NA	NA	NA	NA	NA	NA	NA	0.08379	0.05625	0.03375	0.07875	0.6	NA	NA	NA	NA	NA	NA	NA	NA	0.07890837	-0.05705775	0.001044	0.000794
sl	0	0	-0.0125	0.016807	9.779487	11.51981	5.707692	7.74359	12	-1.740321	-2.220513	-0.480192	4.071795	-3.776218	NA	NA	NA	NA	NA	NA	NA	NA	NA	NA	0.066276	0.0525	0.036875	0.07125	0.702381	NA	NA	NA	NA	NA	NA	NA	NA	0.02235182	-0.01614634	0.0003009	0.0002196
sl	0.175	0.175	-0.1	0.014399	11.2	13.16549	16.08205	13.64103	19	-1.965495	-7.8	-5.834505	-4.882051	0.475531	4.095238	4.489796	4.571429	4.333333	6	-0.394558	-1.904762	-1.510204	-0.47619	-0.156463	0.136338	0.04625	0.040625	0.0575	0.878378	0.040841	0.00985601	70.8571	22.6847	1.421605	0.03098499	1.138974	48.1724	-0.06522531	-0.3882672	0.00035967	0.00305136
sl	0.025	0.025	0.025	0.016807	10.61923	12.4602	15.79103	13.20513	17	-1.84097	-6.380769	-4.539799	-5.171795	0.744927	NA	NA	NA	NA	NA	NA	NA	NA	NA	NA	0.127361	0.05375	0.038125	0.0725	0.709302	NA	NA	NA	NA	NA	NA	NA	NA	-0.1836806	-0.3776589	0.00135856	0.00325859
sl	0	0	-0.0125	0.016807	10.54487	13.40059	15.25	12.89744	19	-2.855721	-8.455128	-5.599407	-4.705128	-0.503157	NA	NA	NA	NA	NA	NA	NA	NA	NA	NA	0.118334	0.05375	0.038125	0.0725	0.709302	NA	NA	NA	NA	NA	NA	NA	NA	-0.02746517	-0.2101487	0.0002842	0.0025591
sl	0	0	-0.0125	0.016807	10.54487	13.40059	15.25	12.89744	19	-2.855721	-8.455128	-5.599407	-4.705128	-0.503157	NA	NA	NA	NA	NA	NA	NA	NA	NA	NA	0.118334	0.05375	0.038125	0.0725	0.709302	NA	NA	NA	NA	NA	NA	NA	NA	-0.05997579	-0.2101487	0.000634	0.0025591
sl	0.05	0.05	-0.4625	0.207188	13.45	16.92706	27.1141	20.28205	18	-3.477065	-4.55	-1.072935	-13.6641	3.354986	NA	NA	NA	NA	NA	NA	NA	NA	NA	NA	0.265857	0.05125	0.035625	0.07	0.695122	0.243293	0.0154706	156.5	35.6223	2.755325	0.2278224	1.480084	120.8777	0.3119859	0.2587981	0.00354816	0.0030247
sl	0.05	0.05	0.05	0.033898	14.71667	16.92706	20.71923	17.71795	16	-2.210398	-1.283333	0.927065	-6.002564	0.790884	NA	NA	NA	NA	NA	NA	NA	NA	NA	NA	0.154997	0.04875	0.033125	0.06125	0.679487	0.0676702	0.0118914	143	26.244	1.73883	0.0557788	1.695407	116.756	-0.3854202	-0.5960625	0.0051781	0.0089797
sl	0.05	0.05	0.05	0.033898	11.40897	15.04628	10.79615	11.10256	16	-3.637306	-4.591026	-0.95372	0.612821	-3.943716	NA	NA	NA	NA	NA	NA	NA	NA	NA	NA	0.100738	0.04125	0.035625	0.04875	0.863636	NA	NA	200	25.3634	NA	NA	2.06501	174.6366	-0.3342739	-0.4115108	0.00392088	0.00499918
sl	0.05	0.05	0.05	0.033898	10.96026	14.57608	7.655128	9.307692	16	-3.615827	-5.039744	-1.423916	3.305128	-5.268392	NA	NA	NA	NA	NA	NA	NA	NA	NA	NA	0.102507	0.04125	0.035625	0.04875	0.863636	NA	NA	200	26.3101	NA	NA	2.028364	173.6899	-0.3878915	-0.5121509	0.0047976	0.0067988
sl	0.2	0.2	0.2	0.142857	10.83846	14.10589	7.725641	9.282051	15	-3.267426	-4.161538	-0.894112	3.112821	-4.823836	5.892857	5.013774	7.535714	6.714286	3	0.879083	2.892857	2.013774	-1.642857	1.700512	0.107235	0.04625	0.040625	0.0575	0.878378	0.0756849	0.0104321	75.9286	21.745	1.981691	0.0652528	1.25041	54.1836	-0.8270348	-1.051266	0.00861246	0.01182208
sl	0.3	0.3	-0.1375	0.028563	11.37308	13.40059	7.447436	9.410256	12	-2.027516	-0.626923	1.400593	3.925641	-3.990337	11.09091	9.2719	7.818182	9.454545	3	1.819009	8.090909	6.2719	3.272727	0.182646	0.164172	0.0575	0.041875	0.07625	0.728261	0.0411118	0.0176867	44.9318	35.922	0.8434822	0.0234251	0.2237959	9.0098	-0.1271328	-0.1596304	0.00122387	0.00159132
sl	0.05	0.05	0.05	0.033898	11.37308	13.40059	7.447436	9.410256	12	-2.027516	-0.626923	1.400593	3.925641	-3.990337	NA	NA	NA	NA	NA	NA	NA	NA	NA	NA	0.164172	0.0575	0.041875	0.07625	0.728261	0.511384	0.012522	200	27.8108	3.709634	0.498862	1.972893	172.1892	-0.2247367	-0.09971036	0.0026963	0.0011484
sl	0	0	-0.0125	0.016807	11.70128	13.63569	7.529487	9.615385	12	-1.934409	-0.298718	1.635691	4.171795	-4.020307	NA	NA	NA	NA	NA	NA	NA	NA	NA	NA	0.160167	0.06375	0.04125	0.08625	0.647059	NA	NA	NA	NA	NA	NA	NA	NA	-0.04011094	0.1675949	0.0004772	0.00181495
sl	0	0	-0.0125	0.016807	9.203846	11.51981	7.257692	8.230769	19	-2.315962	-9.796154	-7.480192	1.946154	-3.289039	NA	NA	NA	NA	NA	NA	NA	NA	NA	NA	0.124174	0.07	0.039375	0.105	0.5625	NA	NA	NA	NA	NA	NA	NA	NA	-0.5220089	-0.5185405	0.0092115	0.00908
sl	0	0	-0.0125	0.016807	8.379487	12.9304	13.77436	11.07692	21	-4.55091	-12.62051	-8.069603	-5.394872	-1.853474	NA	NA	NA	NA	NA	NA	NA	NA	NA	NA	0.122848	0.05	0.04	0.07	0.8	NA	NA	NA	NA	NA	NA	NA	NA	-0.4134429	-0.583634	0.0062987	0.0097706
sl	0	0	-0.0125	0.016807	13.63077	19.27805	15.6	14.61538	35	-5.647277	-21.36923	-15.72195	-1.969231	-4.662662	NA	NA	NA	NA	NA	NA	NA	NA	NA	NA	0.138343	0.0375	0.031875	0.04875	0.85	NA	NA	NA	NA	NA	NA	NA	NA	-0.5747202	-0.9663434	0.0086569	0.0187512
sl	0	0	-0.0125	0.016807	13.38846	19.27805	15.48333	14.4359	35	-5.889585	-21.61154	-15.72195	-2.094872	-4.842149	NA	NA	NA	NA	NA	NA	NA	NA	NA	NA	0.138166	0.0375	0.031875	0.04875	0.85	NA	NA	NA	NA	NA	NA	NA	NA	-0.5721388	-0.9340564	0.00888	0.0183091
sl	0	0	-0.0125	0.016807	14.13462	18.33765	20.89103	17.51282	26	-4.203038	-11.86538	-7.662346	-6.75641	-0.824833	NA	NA	NA	NA	NA	NA	NA	NA	NA	NA	0.164687	0.0425	0.0325	0.0575	0.764706	NA	NA	NA	NA	NA	NA	NA	NA	-0.451185	-0.6402443	0.0084378	0.0134556
sl	0.075	0.075	0.075	0.051282	8.953846	14.57608	13.09744	11.02564	22	-5.622238	-13.04615	-7.423916	-4.14359	-3.550443	0	0	0	0	0	0	0	0	0	0	0.094261	0.0425	0.036875	0.05375	0.867647	NA	NA	184.333	28.2635	NA	NA	1.875173	156.0695	-0.5552016	-0.5688236	0.0109955	0.0114113
sl	0.1	0.1	0.1	0.068966	8.323077	13.16549	11.26667	9.794872	17	-4.842418	-8.676923	-3.834505	-2.94359	-3.370623	0.5	0.545455	1.5	1	0	-0.045455	0.5	0.545455	-1	0.454545	0.114784	0.04875	0.03875	0.06375	0.794872	0.253063	0.0132423	151.75	23.7333	2.950222	0.2398207	1.855355	128.0167	-0.6830504	-0.8257586	0.01151	0.0155638
sl	0	0	-0.0125	0.016807	12.68974	15.75157	11.00256	11.84615	21	-3.061831	-8.310256	-5.248426	1.687179	-3.905421	NA	NA	NA	NA	NA	NA	NA	NA	NA	NA	0.125947	0.0575	0.041875	0.0825	0.728261	NA	NA	NA	NA	NA	NA	NA	NA	-0.6197747	-0.8129194	0.0155549	0.0227293
sl	0.35	0.35	0.325	0.203125	13.28462	15.98667	11.02308	12.15385	20	-2.702057	-6.715385	-4.013327	2.261538	-3.832826	12.23077	13.8359	12.53846	12.38462	15	-1.605127	-2.769231	-1.164104	-0.307692	-1.451281	0.134037	0.05125	0.035625	0.07625	0.695122	0.0191606	0.0260397	41.7802	53.4662	-0.3067662	0.0068791	-0.2466271	11.686	-0.9246262	-1.097113	0.0198566	0.0261876
sl	0	0	-0.0125	0.016807	13.95897	16.45687	11.27179	12.61538	21	-2.497895	-7.041026	-4.543131	2.687179	-3.841484	NA	NA	NA	NA	NA	NA	NA	NA	NA	NA	0.128664	0.05125	0.035625	0.07625	0.695122	NA	NA	NA	NA	NA	NA	NA	NA	-0.6819555	-0.8564611	0.0139554	0.019339
sl	0	0	-0.0125	0.016807	13.41154	15.75157	11.05	12.23077	21	-2.340036	-7.588462	-5.248426	2.361538	-3.520805	NA	NA	NA	NA	NA	NA	NA	NA	NA	NA	0.135059	0.05125	0.035625	0.07625	0.695122	NA	NA	NA	NA	NA	NA	NA	NA	-0.6446764	-0.7903336	0.0139102	0.0185004
sl	0.075	0.075	0.075	0.051282	12.92308	15.51648	11.28205	12.10256	22	-2.593399	-9.076923	-6.483524	1.641026	-3.413912	0	0	0	0	0	0	0	0	0	0	0.148111	0.0525	0.036875	0.0775	0.702381	NA	NA	174.333	23.6261	NA	NA	1.998615	150.7069	-0.8696046	-1.062098	0.0159845	0.0225294
sl	0	0	-0.0125	0.016807	14.18462	12.9304	8.379487	11.28205	14	1.254218	0.184615	-1.069603	5.805128	-1.648346	NA	NA	NA	NA	NA	NA	NA	NA	NA	NA	0.153326	0.05	0.034375	0.06875	0.6875	NA	NA	NA	NA	NA	NA	NA	NA	-0.4882714	-0.2890582	0.0085283	0.0042228
sl	0	0	-0.0125	0.016807	14.63718	13.40059	11.36282	13	14	1.236586	0.637179	-0.599407	3.274359	-0.400593	NA	NA	NA	NA	NA	NA	NA	NA	NA	NA	0.162119	0.04125	0.03125	0.05625	0.757576	NA	NA	NA	NA	NA	NA	NA	NA	-0.4064414	-0.233782	0.0069479	0.0035046
sl	0	0	-0.575	0.310811	15.34872	13.87079	12.44615	13.89744	15	1.477928	0.348718	-1.129211	2.902564	0.026646	NA	NA	NA	NA	NA	NA	NA	NA	NA	NA	0.183268	0.04125	0.03125	0.05625	0.757576	NA	NA	NA	NA	NA	NA	NA	NA	-0.3175643	-0.1411082	0.0043877	0.0017256
sl	0.025	0.025	0.025	0.016807	14.84744	13.63569	12.07564	13.46154	15	1.211745	-0.152564	-1.364309	2.771795	-0.174153	NA	NA	NA	NA	NA	NA	NA	NA	NA	NA	0.168939	0.04125	0.03125	0.05625	0.757576	NA	NA	NA	NA	NA	NA	NA	NA	-0.7278028	-0.5912517	0.00824075	0.00597653
sl	0.5	0.5	0.225	0.056777	15.75256	14.34099	11.99103	13.8718	14	1.411578	1.752564	0.340986	3.761538	-0.469191	13.34211	12.68413	12.44737	12.89474	11	0.657973	2.342105	1.684133	0.894737	0.210604	0.173344	0.0425	0.0325	0.0575	0.764706	0.0163116	0.0250781	34.1763	50.5605	-0.4301184	0.0087665	-0.3916382	16.3842	-0.7748492	-0.6281127	0.01028424	0.00781536
sl	0	0	-0.0125	0.016807	16.51538	14.81118	12.40769	14.46154	14	1.704203	2.515385	0.811182	4.107692	-0.349644	NA	NA	NA	NA	NA	NA	NA	NA	NA	NA	0.173372	0.0425	0.0325	0.0575	0.764706	NA	NA	NA	NA	NA	NA	NA	NA	-0.6429312	-0.4632235	0.0094209	0.0061298
sl	0.075	0.075	0.075	0.051282	20.5282	17.39726	18.85641	19.69231	15	3.130944	5.528205	2.397261	1.671795	2.295046	2.666667	2.666667	2.333333	2.5	3	0	-0.333333	-0.333333	0.333333	-0.166667	0.255978	0.04625	0.03625	0.06125	0.783784	0.0607869	0.0187019	127	34.9985	1.178749	0.042085	1.288882	92.0015	-0.4672621	-0.3277396	0.0091318	0.005893
sl	0.175	0.175	-0.425	0.163357	18.57051	16.92706	19.01923	18.79487	15	1.643448	3.570513	1.927065	-0.448718	1.867807	11.61905	12.2449	15.04762	13.33333	11	-0.62585	0.619048	1.244898	-3.428571	1.088435	0.272532	0.05125	0.04125	0.07125	0.804878	0.0842577	0.0214037	87.6667	40.2841	1.370316	0.062854	0.7775853	47.3826	-0.3317627	-0.05034281	0.0058865	0.0007432
sl	0	0	-0.0125	0.016807	20.81667	18.80785	20.87564	20.84615	18	2.008817	2.816667	0.80785	-0.058974	2.038304	NA	NA	NA	NA	NA	NA	NA	NA	NA	NA	0.246647	0.045	0.035	0.06	0.777778	NA	NA	NA	NA	NA	NA	NA	NA	-0.5320974	-0.2061057	0.0099698	0.0032224
sl	0.15	0.15	0.15	0.105263	19.24487	18.57275	23.9859	21.61538	19	0.67212	0.244872	-0.427248	-4.741026	3.042633	14.53333	11.38686	15.06667	14.8	2	3.146472	12.53333	9.386861	-0.533333	3.413139	0.268547	0.04875	0.033125	0.0675	0.679487	0.0300151	0.0194743	64.5333	44.3137	0.4326049	0.0105408	0.3758875	20.2196	-0.4966416	-0.2718662	0.0085227	0.0041442
sl	0	0	-0.0125	0.016807	19.29231	18.57275	23.98974	21.64103	18	0.719556	1.292308	0.572752	-4.697436	3.068274	NA	NA	NA	NA	NA	NA	NA	NA	NA	NA	0.256008	0.04625	0.030625	0.05875	0.662162	NA	NA	NA	NA	NA	NA	NA	NA	-0.5866765	-0.5574508	0.00785459	0.0081233
sl	0	0	-0.1875	0.08	19.25	18.80785	23.98077	21.61538	20	0.44215	-0.75	-1.19215	-4.730769	2.807534	NA	NA	NA	NA	NA	NA	NA	NA	NA	NA	0.253143	0.0525	0.03	0.0675	0.571429	NA	NA	NA	NA	NA	NA	NA	NA	-0.3708302	-0.2897972	0.0059657	0.0048184
sl	0.075	0.075	0.075	0.051282	18.96026	18.10256	23.96282	21.46154	19	0.857701	-0.039744	-0.897444	-5.002564	3.358983	0.666667	0.666667	0.333333	0.5	1	0	-0.333333	-0.333333	0.333333	-0.166667	0.262864	0.05375	0.03125	0.06875	0.581395	0.0761755	0.0167679	154.5	35.8956	1.513574	0.0594076	1.459579	118.6044	-0.4578325	-0.3941559	0.0077732	0.0069699
sl	0	0	-0.0125	0.016807	12.55769	15.98667	14.05769	13.30769	27	-3.42898	-14.44231	-11.01333	-1.5	-2.67898	NA	NA	NA	NA	NA	NA	NA	NA	NA	NA	0.141443	0.05	0.034375	0.06875	0.6875	NA	NA	NA	NA	NA	NA	NA	NA	-0.1306032	-0.3738233	0.0027967	0.0093058
sl	0.475	0.475	-0.0625	0.00723	8.934615	14.57608	13.16795	11.05128	27	-5.641468	-18.06538	-12.42392	-4.233333	-3.524802	3.040936	5.43617	1.403509	2.222222	15	-2.395234	-11.95906	-9.56383	1.637427	-3.213947	0.136422	0.0425	0.026875	0.055	0.632353	0.0390921	0.0144382	71.7135	32.219	0.9960429	0.0246539	0.8001227	39.4945	-0.3594125	-0.5486903	0.0046841	0.0076575
sl	0.025	0.025	0.025	0.016807	9.264103	13.63569	13.91539	11.58974	21	-4.371589	-11.7359	-7.364309	-4.651282	-2.045948	NA	NA	NA	NA	NA	NA	NA	NA	NA	NA	0.148366	0.0525	0.03	0.075	0.571429	NA	NA	NA	NA	NA	NA	NA	NA	0.06261715	0.06435434	0.0010539	0.001076
sl	0	0	-0.0125	0.016807	11.97949	15.98667	16.02051	14	23	-4.007185	-11.02051	-7.013327	-4.041026	-1.986673	NA	NA	NA	NA	NA	NA	NA	NA	NA	NA	0.189626	0.0425	0.0325	0.0575	0.764706	NA	NA	NA	NA	NA	NA	NA	NA	0.4090793	0.3539971	0.007231	0.0062881
sl	0.075	0.075	0.075	0.051282	12.30641	13.40059	14.92436	13.61538	17	-1.094183	-4.69359	-3.599407	-2.617949	0.214791	0	0	0	0	0	0	0	0	0	0	0.250374	0.06	0.044375	0.085	0.739583	0.344454	0.0162885	200	35.9812	3.051501	0.3281655	1.715321	164.0188	0.154041	0.1948869	0.0017133	0.00207727
sl	0	0	-0.0125	0.016807	14.52436	13.63569	11.27051	12.89744	16	0.888668	-1.475641	-2.364309	3.253846	-0.738255	NA	NA	NA	NA	NA	NA	NA	NA	NA	NA	0.279691	0.055	0.045	0.07	0.818182	NA	NA	NA	NA	NA	NA	NA	NA	0.01575723	0.05442444	0.0002154	0.0007432
sl	0.025	0.025	0.025	0.016807	14.38718	13.63569	10.02308	12.20513	15	0.751488	-0.612821	-1.364309	4.364103	-1.430563	NA	NA	NA	NA	NA	NA	NA	NA	NA	NA	0.206015	0.05125	0.04125	0.06625	0.804878	NA	NA	NA	NA	NA	NA	NA	NA	-0.2972897	-0.1422757	0.0036839	0.0015992
sl	0.025	0.025	-0.2125	0.091	15.76539	15.75157	11.97821	13.8718	17	0.01381	-1.234615	-1.248426	3.787179	-1.87978	NA	NA	NA	NA	NA	NA	NA	NA	NA	NA	0.171458	0.045	0.035	0.06	0.777778	NA	NA	NA	NA	NA	NA	NA	NA	0.198279	0.03303005	0.00200005	0.0003544
sl	0	0	-0.0125	0.016807	14.81538	17.16216	12.97949	13.89744	25	-2.346779	-10.18462	-7.837837	1.835897	-3.264727	NA	NA	NA	NA	NA	NA	NA	NA	NA	NA	0.106569	0.0375	0.031875	0.045	0.85	NA	NA	NA	NA	NA	NA	NA	NA	0.06128272	0.1215847	0.0006867	0.0013136
sl	0.225	0.225	-0.2625	0.085069	14.73718	16.92706	13.00641	13.8718	26	-2.189886	-11.26282	-9.072935	1.730769	-3.05527	14.44444	13.24573	11.55556	13	12	1.198715	2.444444	1.245729	2.888889	-0.245729	0.107984	0.0375	0.031875	0.045	0.85	0.0326652	0.01766	37.2639	35.6151	0.6150081	0.0150052	0.04525532	1.6488	0.00352982	0.2308096	3.39e-05	0.00193594
sl	0.1	0.1	-0.2125	0.068966	14.3641	17.63236	12.09744	13.23077	25	-3.268257	-10.6359	-7.367641	2.266667	-4.40159	14.66667	15.27273	21.33333	18	13	-0.606061	1.666667	2.272727	-6.666667	2.727273	0.150386	0.04	0.03	0.055	0.75	0.0191109	0.0178327	37.4167	39.527	0.069225	0.0012782	-0.05486685	2.1103	0.4415198	0.2793332	0.00505308	0.0034292
sl	0	0	-0.0125	0.016807	15.14487	16.45687	13.93205	14.53846	18	-1.311997	-2.855128	-1.543131	1.212821	-1.918407	NA	NA	NA	NA	NA	NA	NA	NA	NA	NA	0.197249	0.04125	0.035625	0.0525	0.863636	NA	NA	NA	NA	NA	NA	NA	NA	-0.5336702	-0.3088149	0.00693352	0.00355742
sl	0	0	-0.0125	0.016807	11.25385	13.63569	9.976923	10.61538	13	-2.381845	-1.746154	0.635691	1.276923	-3.020307	NA	NA	NA	NA	NA	NA	NA	NA	NA	NA	0.105595	0.04	0.034375	0.0475	0.859375	NA	NA	NA	NA	NA	NA	NA	NA	-0.0812747	-0.009694942	0.0013166	0.0001503
sl	0	0	-0.325	0.148118	13.84103	15.51648	17.44103	15.64103	14	-1.675451	-0.158974	1.516476	-3.6	0.124549	NA	NA	NA	NA	NA	NA	NA	NA	NA	NA	0.13601	0.03875	0.033125	0.04625	0.854839	NA	NA	NA	NA	NA	NA	NA	NA	-0.3653181	-0.1572835	0.0050703	0.0019131
sl	0	0	-0.0125	0.016807	16.93205	17.86746	18.09359	17.51282	15	-0.935406	1.932051	2.867458	-1.161538	-0.354637	NA	NA	NA	NA	NA	NA	NA	NA	NA	NA	0.179484	0.0375	0.031875	0.045	0.85	NA	NA	NA	NA	NA	NA	NA	NA	-0.6728854	-0.4586596	0.0107843	0.0063232
sl	0.125	0.125	0.1125	0.061404	16.21026	19.04295	13.02051	14.61538	20	-2.832692	-3.789744	-0.957052	3.189744	-4.427564	11.8	11.52	9.7	10.75	12	0.28	-0.2	-0.48	2.1	-0.77	0.202348	0.05	0.04	0.065	0.8	0.0138316	0.00979462	32.35	24.7496	0.3451226	0.00403698	0.2678047	7.6004	-0.9882273	-0.6538438	0.01268347	0.00640589
sl	0	0	-0.0125	0.016807	13.83974	16.45687	9.903846	11.8718	16	-2.617125	-2.160256	0.456869	3.935897	-4.585074	NA	NA	NA	NA	NA	NA	NA	NA	NA	NA	0.151049	0.045	0.039375	0.05625	0.875	NA	NA	NA	NA	NA	NA	NA	NA	-0.4888997	-0.1520078	0.0097756	0.0024783
sl	0	0	-0.0125	0.016807	15.38205	18.33765	12.41282	13.89744	16	-2.955603	-0.617949	2.337654	2.969231	-4.440218	NA	NA	NA	NA	NA	NA	NA	NA	NA	NA	0.179349	0.0425	0.036875	0.05375	0.867647	NA	NA	NA	NA	NA	NA	NA	NA	-0.4854566	-0.4447639	0.0087299	0.0077117
sl	0	0	-0.0125	0.016807	13.76282	15.98667	14.80128	14.28205	12	-2.223852	1.762821	3.986673	-1.038462	-1.704621	NA	NA	NA	NA	NA	NA	NA	NA	NA	NA	0.2053	0.045	0.039375	0.05625	0.875	NA	NA	NA	NA	NA	NA	NA	NA	-0.5495613	-0.6940411	0.0073732	0.0105852
sl	0	0	-0.0125	0.016807	14.84487	14.34099	13.92436	14.38462	6	0.503886	8.844872	8.340986	0.920513	0.04363	NA	NA	NA	NA	NA	NA	NA	NA	NA	NA	0.211268	0.0425	0.036875	0.05375	0.867647	NA	NA	NA	NA	NA	NA	NA	NA	-0.5110865	-0.6864852	0.00600791	0.00944395
sl	0	0	-0.0125	0.016807	14.82051	14.10589	13.89744	14.35897	5	0.714625	9.820513	9.105888	0.923077	0.253087	NA	NA	NA	NA	NA	NA	NA	NA	NA	NA	0.218913	0.04375	0.038125	0.055	0.871429	NA	NA	NA	NA	NA	NA	NA	NA	-0.1244269	-0.5852444	0.00131093	0.0088346
sl	0.5	0.5	-0.35	0.147727	15	13.87079	12.89744	13.94872	4	1.129211	11	9.870789	2.102564	0.077928	9.515789	8.737958	8.8	9.157895	5	0.777832	4.515789	3.737958	0.715789	0.419937	0.216147	0.0425	0.036875	0.05375	0.867647	0.0272637	0.0247602	49.7816	39.9895	0.09631862	0.0025035	0.2190285	9.7921	-0.2951321	-0.6749508	0.0035293	0.0102799
sl	0.2	0.2	0.2	0.142857	18.07308	16.69197	9.567949	13.82051	14	1.38111	4.073077	2.691967	8.505128	-2.871454	6.857143	4.628099	6.857143	6.857143	0	2.229044	6.857143	4.628099	0	2.229044	0.174406	0.0525	0.0425	0.0725	0.809524	0.0888856	0.0115244	120.929	27.871	2.042884	0.0773612	1.467617	93.058	-0.7045846	-0.7418153	0.00888354	0.01014077
sl	0	0	-0.025	0.033898	18.12308	17.39726	9.364103	13.74359	15	0.725816	3.123077	2.397261	8.758974	-3.653672	NA	NA	NA	NA	NA	NA	NA	NA	NA	NA	0.166145	0.05125	0.04125	0.07125	0.804878	NA	NA	NA	NA	NA	NA	NA	NA	-0.4508752	-0.5230992	0.0063823	0.0080483
sl	0	0	-0.0125	0.016807	17.5859	19.04295	8.311538	12.94872	19	-1.457051	-1.414103	0.042948	9.274359	-6.09423	NA	NA	NA	NA	NA	NA	NA	NA	NA	NA	0.127737	0.04875	0.03875	0.06375	0.794872	NA	NA	NA	NA	NA	NA	NA	NA	-0.3896281	-0.5093142	0.0038398	0.00572993
sl	0.025	0.025	0.025	0.016807	14.54231	17.39726	12.89359	13.71795	25	-2.854954	-10.45769	-7.602739	1.648718	-3.679313	NA	NA	NA	NA	NA	NA	NA	NA	NA	NA	0.116303	0.045	0.035	0.06	0.777778	NA	NA	NA	NA	NA	NA	NA	NA	-0.242427	-0.23759	0.0029786	0.0028103
sl	0.125	0.125	0.1125	0.061404	17.88462	20.21844	17.19231	17.53846	30	-2.333824	-12.11538	-9.781561	0.692308	-2.679977	13.8	14.88	18.7	16.25	16	-1.08	-2.2	-1.12	-4.9	1.37	0.150737	0.045	0.035	0.06	0.777778	0.0366459	0.0146953	55.1	31.6445	0.9137738	0.0219506	0.5545854	23.4555	-0.2466899	-0.2428596	0.0028831	0.00261254
sl	0	0	-0.025	0.008475	15.1	15.51648	16.9	16	11	-0.416476	4.1	4.516476	-1.8	0.483524	NA	NA	NA	NA	NA	NA	NA	NA	NA	NA	0.225632	0.06125	0.045625	0.08625	0.744898	NA	NA	NA	NA	NA	NA	NA	NA	-0.1444156	-0.3120369	0.00126174	0.00293542
sl	0	0	-0.0125	0.016807	14.52436	14.81118	13.11667	13.82051	14	-0.286823	0.524359	0.811182	1.407692	-0.990669	NA	NA	NA	NA	NA	NA	NA	NA	NA	NA	0.123159	0.0575	0.035	0.08	0.608696	NA	NA	NA	NA	NA	NA	NA	NA	-0.6798399	-0.6360644	0.0084732	0.00790519
sl	0.1	0.1	0.1	0.068966	15.32179	15.51648	13.44744	14.38462	13	-0.194681	2.321795	2.516476	1.874359	-1.131861	8	7.636364	8	8	6	0.363636	2	1.636364	0	0.363636	0.122445	0.0575	0.035	0.08	0.608696	NA	NA	96.1667	28.2952	NA	NA	1.223391	67.8715	-0.780145	-0.8848354	0.00903143	0.01082454
sl	0	0	-0.025	0.033898	15.10256	16.45687	12.79487	13.94872	11	-1.354305	4.102564	5.456869	2.307692	-2.508151	NA	NA	NA	NA	NA	NA	NA	NA	NA	NA	0.106531	0.0625	0.031875	0.08875	0.51	NA	NA	NA	NA	NA	NA	NA	NA	-0.3403416	-0.677481	0.00274809	0.00676625
sl	0.05	0.05	0.0125	0.024348	15.15	16.69197	12.79872	13.97436	13	-1.541967	2.15	3.691967	2.351282	-2.717608	NA	NA	NA	NA	NA	NA	NA	NA	NA	NA	0.10491	0.08	0.029375	0.11375	0.367188	0.0112585	0.00964316	31	27.9929	0.1548745	0.00161534	0.1020363	3.0071	-0.07443877	-0.2780775	0.00055541	0.00231874
sl	0.025	0.025	0.025	0.016807	15.15769	17.16216	12.2782	13.71795	12	-2.004471	3.157692	5.162163	2.879487	-3.444215	NA	NA	NA	NA	NA	NA	NA	NA	NA	NA	0.077825	0.07	0.03	0.1	0.428571	NA	NA	NA	NA	NA	NA	NA	NA	0.1823521	0.05199701	0.00151482	0.00044213
sl	0.075	0.075	0.075	0.051282	15.15769	17.16216	12.2782	13.71795	12	-2.004471	3.157692	5.162163	2.879487	-3.444215	0.666667	0.666667	0.333333	0.5	1	0	-0.333333	-0.333333	0.333333	-0.166667	0.077825	0.07	0.03	0.1	0.428571	NA	NA	149	33.3161	NA	NA	1.497906	115.6839	0.167929	0.04539466	0.00138469	0.00038866
sl	0.675	0.325	0.1125	0.022569	15.30513	17.63236	13.20769	14.25641	13	-2.327231	2.305128	4.632359	2.097436	-3.375949	11.78348	12.97212	11.37037	11.57692	11	-1.188645	0.783476	1.972121	0.413105	-1.395198	0.080584	0.1	0.024375	0.1275	0.24375	0.030049	0.0126269	59.5584	31.5064	0.8669999	0.0174221	0.6367666	28.052	0.2573448	0.1938951	0.00211229	0.00166661
sl	0.025	0.025	0.025	0.016807	12.63333	16.69197	9.725641	11.17949	19	-4.058634	-6.366667	-2.308033	2.907692	-5.51248	NA	NA	NA	NA	NA	NA	NA	NA	NA	NA	0.077235	0.05875	0.028125	0.085	0.478723	NA	NA	NA	NA	NA	NA	NA	NA	0.1928983	0.4052086	0.00165263	0.00312302
sl	0.75	0.25	0.3375	0.105263	13.0141	17.39726	11.65256	12.33333	17	-4.383159	-3.985897	0.397261	1.361538	-5.063928	9.250575	13.12583	11.43908	10.34483	19	-3.875257	-9.749425	-5.874169	-2.188506	-2.781004	0.088089	0.07125	0.040625	0.115	0.570175	0.0219225	0.0104365	50.0805	33.3667	0.7422042	0.011486	0.4060733	16.7138	-0.2473218	0.04849654	0.00204483	0.00032957
sl	0.025	0.025	0.025	0.016807	11.80897	17.16216	8.857692	10.33333	19	-5.353189	-7.191026	-1.837837	2.951282	-6.82883	NA	NA	NA	NA	NA	NA	NA	NA	NA	NA	0.069208	0.07125	0.040625	0.115	0.570175	NA	NA	NA	NA	NA	NA	NA	NA	-0.2581748	-0.05174235	0.00250428	0.0004413
sl	0.1	0.1	-0.5375	0.262378	17.06026	20.92373	14.58077	15.82051	20	-3.863477	-2.939744	0.923733	2.479487	-5.10322	11.16667	9.272727	10.83333	11	1	1.893939	10.16667	8.272727	0.333333	1.727273	0.076025	0.07125	0.040625	0.115	0.570175	0.0267246	0.011397	75.25	29.4437	0.8522343	0.0153276	0.9383359	45.8063	-0.2134995	-0.1078637	0.00142538	0.00068348
sl	0	0	-0.0125	0.016807	16.65897	16.92706	14.31538	15.48718	15	-0.268091	1.658974	1.927065	2.34359	-1.439886	NA	NA	NA	NA	NA	NA	NA	NA	NA	NA	0.108455	0.08125	0.050625	0.125	0.623077	NA	NA	NA	NA	NA	NA	NA	NA	-0.1750688	-0.5406126	0.00075571	0.00321539
sl	0	0	-0.0125	0.016807	16.72564	15.51648	13.53077	15.1282	18	1.209165	-1.274359	-2.483524	3.194872	-0.388271	NA	NA	NA	NA	NA	NA	NA	NA	NA	NA	0.156991	0.06375	0.04125	0.10125	0.647059	NA	NA	NA	NA	NA	NA	NA	NA	-0.1223144	-0.3210981	0.0015002	0.0046006
sl	0.1	0.1	0.1	0.068966	16.63718	15.04628	13.56795	15.10256	17	1.590899	-0.362821	-1.95372	3.069231	0.056284	0.5	0.545455	0.166667	0.333333	1	-0.045455	-0.5	-0.454545	0.333333	-0.212121	0.161419	0.06375	0.04125	0.10125	0.647059	NA	NA	158.75	28.2175	NA	NA	1.727388	130.5325	-0.4485995	-0.6124989	0.00445052	0.00716714
sl	0	0	-0.0125	0.016807	10.65385	11.28471	11.29487	10.97436	18	-0.630864	-7.346154	-6.71529	-0.641026	-0.310351	NA	NA	NA	NA	NA	NA	NA	NA	NA	NA	0.157534	0.075	0.0525	0.12	0.7	NA	NA	NA	NA	NA	NA	NA	NA	-0.2127715	-0.24569	0.002478	0.0029308
sl	0.375	0.375	0.0625	0.026875	10.55385	10.81451	11.29231	10.92308	16	-0.260668	-5.446154	-5.185486	-0.738462	0.108563	4.133333	5.228256	11.4381	7.785714	7	-1.094923	-2.866667	-1.771744	-7.304762	2.557458	0.164277	0.07625	0.05375	0.12125	0.704918	0.060319	0.0178036	63.3048	37.2683	1.220246	0.0425154	0.5298181	26.0365	-0.2560459	-0.2577259	0.00257155	0.00261615
sl	0.025	0.025	0.025	0.016807	8.417949	9.874121	9.017949	8.717949	17	-1.456173	-8.582051	-7.125879	-0.6	-1.156173	NA	NA	NA	NA	NA	NA	NA	NA	NA	NA	0.118741	0.06375	0.04125	0.09375	0.647059	NA	NA	NA	NA	NA	NA	NA	NA	0.03663383	-0.1522335	0.0005386	0.0024798
sl	0.975	0.025	0.525	0.305778	7.073077	8.933729	7.542308	7.307692	16	-1.860652	-8.926923	-7.066271	-0.469231	-1.626037	6.987854	8.751385	5.696356	6.342105	16	-1.763531	-9.012146	-7.248615	1.291498	-2.40928	0.088889	0.07875	0.05625	0.12375	0.714286	NA	NA	NA	NA	NA	NA	NA	NA	0.594322	0.4014104	0.00782117	0.0058469
sl	0	0	-0.0875	0.04804	5.794872	8.698631	7.025641	6.410256	18	-2.903759	-12.20513	-9.301369	-1.230769	-2.288374	NA	NA	NA	NA	NA	NA	NA	NA	NA	NA	0.057225	0.0675	0.045	0.105	0.666667	NA	NA	NA	NA	NA	NA	NA	NA	0.1105226	-0.09834044	0.0014939	0.0014846
sl	0.175	0.175	0	0.046176	7.289744	9.168827	6.453846	6.871795	19	-1.879083	-11.71026	-9.831173	0.835897	-2.297032	2.380952	2.857143	0.619048	1.5	5	-0.47619	-2.619048	-2.142857	1.761905	-1.357143	0.110007	0.065	0.0425	0.1025	0.653846	0.0470668	0.0232431	70.7143	40.4384	0.7055596	0.0238237	0.558868	30.2759	0.1836285	-0.171058	0.0022271	0.0025279
sl	0.125	0.125	-0.0625	0.067	12.54103	11.51981	11.76667	12.15385	15	1.021217	-2.458974	-3.480192	0.774359	0.634038	0.8	0.96	1.7	1.25	1	-0.16	-0.2	-0.04	-0.9	0.29	0.246255	0.07125	0.04875	0.10875	0.684211	NA	NA	115.45	39.2311	NA	NA	1.079368	76.2189	0.1191155	-0.1376003	0.0013177	0.0016666
sl	0.275	0.275	0.2625	0.171296	12.16282	11.51981	10.65769	11.41026	7	0.643012	5.162821	4.519808	1.505128	-0.109552	2.254545	2.048503	5.745455	4	1	0.206043	1.254545	1.048503	-3.490909	1.951497	0.280216	0.07875	0.05625	0.12375	0.714286	0.129762	0.024432	112.045	49.6872	1.669808	0.10533	0.8131532	62.3578	0.07059402	-0.08156421	0.0008472	0.0009956
sl	0	0	-0.0375	0.051282	12.06923	11.75491	9.366667	10.71795	8	0.314324	4.069231	3.754906	2.702564	-1.036958	NA	NA	NA	NA	NA	NA	NA	NA	NA	NA	0.265487	0.08	0.0575	0.125	0.71875	NA	NA	NA	NA	NA	NA	NA	NA	0.3295958	0.2037574	0.00342536	0.00218262
sl	0	0	-0.0125	0.016807	12.38974	12.2251	9.45641	10.92308	9	0.164641	3.389744	3.225103	2.933333	-1.302026	NA	NA	NA	NA	NA	NA	NA	NA	NA	NA	0.256618	0.07375	0.05125	0.11125	0.694915	NA	NA	NA	NA	NA	NA	NA	NA	0.2040314	0.1239329	0.00198483	0.00118589
sl	0.025	0.025	0.025	0.016807	6.920513	11.28471	8.566667	7.74359	18	-4.364197	-11.07949	-6.71529	-1.646154	-3.54112	NA	NA	NA	NA	NA	NA	NA	NA	NA	NA	0.141758	0.11	0.059375	0.2	0.539773	NA	NA	NA	NA	NA	NA	NA	NA	-0.0016215	-0.2652726	2.02e-05	0.0037524
sl	0	0	-0.0125	0.016807	6.232051	10.81451	12.38333	9.307692	20	-4.582463	-13.76795	-9.185486	-6.151282	-1.506822	NA	NA	NA	NA	NA	NA	NA	NA	NA	NA	0.213849	0.11	0.059375	0.2	0.539773	NA	NA	NA	NA	NA	NA	NA	NA	0.08735177	-0.02953469	0.0015439	0.0005322
sl	0.025	0.025	0.025	0.016807	4.964103	9.874121	10.62564	7.794872	24	-4.910019	-19.0359	-14.12588	-5.661538	-2.07925	NA	NA	NA	NA	NA	NA	NA	NA	NA	NA	0.183509	0.1175	0.066875	0.2075	0.569149	NA	NA	NA	NA	NA	NA	NA	NA	0.1820011	0.08256405	0.0034058	0.0016063
sl	0	0	-0.0125	0.016807	8.016667	13.63569	19.2141	13.61538	21	-5.619025	-12.98333	-7.364309	-11.19744	-0.020307	NA	NA	NA	NA	NA	NA	NA	NA	NA	NA	0.093417	0.07375	0.03375	0.11375	0.457627	NA	NA	NA	NA	NA	NA	NA	NA	-0.006150404	-0.1764057	6.78e-05	0.001987
sl	0	0	-0.0125	0.016807	8.016667	13.63569	19.2141	13.61538	21	-5.619025	-12.98333	-7.364309	-11.19744	-0.020307	NA	NA	NA	NA	NA	NA	NA	NA	NA	NA	0.093417	0.07375	0.03375	0.11375	0.457627	NA	NA	NA	NA	NA	NA	NA	NA	0.1514127	-0.04408237	0.00154895	0.0005173
sl	0.025	0.025	0.025	0.016807	7.828205	13.87079	18.94103	13.38462	22	-6.042584	-14.17179	-8.129211	-11.11282	-0.486174	NA	NA	NA	NA	NA	NA	NA	NA	NA	NA	0.127735	0.0725	0.0325	0.1125	0.448276	NA	NA	NA	NA	NA	NA	NA	NA	0.1537834	-0.1773987	0.00139363	0.00179663
sl	0.05	0.05	-0.2875	0.114437	7.084615	14.10589	14.55641	10.82051	25	-7.021272	-17.91539	-10.89411	-7.471795	-3.285375	NA	NA	NA	NA	NA	NA	NA	NA	NA	NA	0.136735	0.06375	0.033125	0.09875	0.519608	0.0213661	0.0254667	59	55.9353	-0.1755662	0.0041006	0.05334178	3.0647	0.6957432	0.560518	0.0088555	0.0076961
sl	0	0	-0.0125	0.016807	10.92308	11.28471	13.48718	12.20513	14	-0.361633	-3.076923	-2.71529	-2.564103	0.920418	NA	NA	NA	NA	NA	NA	NA	NA	NA	NA	0.241934	0.06125	0.03875	0.09125	0.632653	NA	NA	NA	NA	NA	NA	NA	NA	0.2989394	0.103755	0.004375	0.001667
sl	0.25	0.25	-0.5125	0.276516	13.23974	13.63569	14.60641	13.92308	15	-0.395948	-1.760256	-1.364309	-1.366667	0.287386	8.244444	8.837144	8.866667	8.555556	12	-0.5927	-3.755556	-3.162856	-0.622222	-0.281589	0.110292	0.07125	0.040625	0.0975	0.570175	0.0627043	0.0149608	63.2778	32.1632	1.432997	0.0477435	0.6767116	31.1146	-0.3426005	-0.9206624	0.00201381	0.00853208
sl	0.25	0.25	-0.5125	0.276516	13.23974	13.63569	14.60641	13.92308	15	-0.395948	-1.760256	-1.364309	-1.366667	0.287386	8.244444	8.837144	8.866667	8.555556	12	-0.5927	-3.755556	-3.162856	-0.622222	-0.281589	0.110292	0.07125	0.040625	0.0975	0.570175	0.0627043	0.0149608	63.5	32.2713	1.432997	0.0477435	0.6768616	31.2287	-0.3426005	-0.9056655	0.00201381	0.00873074
sl	0	0	-0.075	0.035088	15.71667	16.92706	21.25769	18.48718	15	-1.210398	0.716667	1.927065	-5.541026	1.560114	NA	NA	NA	NA	NA	NA	NA	NA	NA	NA	0.180198	0.07375	0.043125	0.1	0.584746	NA	NA	NA	NA	NA	NA	NA	NA	0.04716513	-0.3523763	0.00041219	0.00411371
sl	0	0	-0.0125	0.016807	15.97436	17.16216	21.35897	18.66667	15	-1.187804	0.974359	2.162163	-5.384615	1.504503	NA	NA	NA	NA	NA	NA	NA	NA	NA	NA	0.172952	0.07375	0.043125	0.1	0.584746	NA	NA	NA	NA	NA	NA	NA	NA	-0.001734208	-0.3689163	1.595e-05	0.00438902
sl	0.075	0.075	0.075	0.051282	16.74359	17.63236	22.64103	19.69231	15	-0.88877	1.74359	2.632359	-5.897436	2.059948	0	0	0	0	0	0	0	0	0	0	0.195304	0.07375	0.043125	0.1	0.584746	NA	NA	191.667	32.298	NA	NA	1.780754	159.369	-0.06448212	-0.4407064	0.000561	0.00506
sl	0.875	0.125	0.475	0.205013	16.33461	17.39726	22.4859	19.41026	15	-1.062646	1.334615	2.397261	-6.151282	2.012995	14.15798	12.1412	10.72437	12.44118	14	2.016786	0.157983	-1.858803	3.433613	0.299979	0.197063	0.0775	0.046875	0.1125	0.604839	0.0176354	0.0138358	37.3941	28.85	0.2426488	0.0037996	0.2594029	8.5441	0.1371362	-0.3060092	0.00116948	0.00352273
sl	0	0	-0.0125	0.016807	16.31795	17.86746	24.4	20.35897	13	-1.549509	3.317949	4.867458	-8.082051	2.491517	NA	NA	NA	NA	NA	NA	NA	NA	NA	NA	0.189608	0.08375	0.053125	0.13625	0.634328	NA	NA	NA	NA	NA	NA	NA	NA	0.2308035	0.1583984	0.0026463	0.0018294
sl	0	0	-0.0375	0.017094	13.16026	14.34099	11.8141	12.48718	16	-1.180729	-2.839744	-1.659014	1.346154	-1.853806	NA	NA	NA	NA	NA	NA	NA	NA	NA	NA	0.167441	0.10625	0.055625	0.185	0.523529	NA	NA	NA	NA	NA	NA	NA	NA	0.3606529	0.4008489	0.0053528	0.0057886
sl	0.225	0.225	0.225	0.162162	11.14744	11.51981	6.955128	9.051282	19	-0.372372	-7.852564	-7.480192	4.192308	-2.468526	2.444444	4.047306	10.80556	6.625	5	-1.602862	-2.555556	-0.952694	-8.361111	2.577694	0.160066	0.07625	0.05375	0.11375	0.704918	0.122373	0.0181361	125.028	35.3968	1.909169	0.1042369	1.261916	89.6312	-0.2278616	-0.3894006	0.0026894	0.0049085
sl	0.15	0.15	-0.175	0.088068	10.82821	11.28471	6.812821	8.820513	17	-0.456505	-6.171795	-5.71529	4.015385	-2.464197	4.2	4.379562	1.8	3	6	-0.179562	-1.8	-1.620438	2.4	-1.379562	0.140351	0.07375	0.058125	0.105	0.788136	0.0425887	0.0160116	81.4667	29.2362	0.9782755	0.0265771	1.024787	52.2305	-0.2330649	-0.4850221	0.00215825	0.00489254
sl	0.05	0.05	0.05	0.033898	10.82821	11.28471	6.812821	8.820513	17	-0.456505	-6.171795	-5.71529	4.015385	-2.464197	NA	NA	NA	NA	NA	NA	NA	NA	NA	NA	0.140351	0.07375	0.058125	0.105	0.788136	NA	NA	200	25.7347	NA	NA	2.050477	174.2653	-0.2397242	-0.4368386	0.00237393	0.00474301
sl	0	0	-0.0125	0.016807	10.47949	11.51981	5.930769	8.205128	18	-1.040321	-7.520513	-6.480192	4.548718	-3.31468	NA	NA	NA	NA	NA	NA	NA	NA	NA	NA	0.121539	0.0775	0.061875	0.10875	0.798387	NA	NA	NA	NA	NA	NA	NA	NA	-0.2508729	-0.27829	0.0033014	0.0038109
sl	0.025	0.025	0.025	0.016807	10.94872	11.99	6.179487	8.564103	18	-1.041287	-7.051282	-6.009996	4.769231	-3.425902	NA	NA	NA	NA	NA	NA	NA	NA	NA	NA	0.121295	0.0775	0.061875	0.10875	0.798387	NA	NA	NA	NA	NA	NA	NA	NA	-0.336083	-0.3523281	0.0044576	0.0048563
sl	0.025	0.025	-0.1125	0.041667	8.90641	11.51981	7.452564	8.179487	18	-2.613398	-9.09359	-6.480192	1.453846	-3.340321	NA	NA	NA	NA	NA	NA	NA	NA	NA	NA	0.133467	0.065	0.0425	0.1025	0.653846	NA	NA	NA	NA	NA	NA	NA	NA	0.1420188	-0.05462566	0.00124892	0.00055297
sl	0.025	0.025	0.025	0.016807	9.261538	12.2251	7.866667	8.564103	20	-2.963564	-10.73846	-7.774897	1.394872	-3.661	NA	NA	NA	NA	NA	NA	NA	NA	NA	NA	0.107172	0.05875	0.03625	0.08875	0.617021	NA	NA	NA	NA	NA	NA	NA	NA	-0.1489378	-0.1398179	0.0017748	0.001633
sl	0.025	0.025	0.025	0.016807	12.94744	13.16549	8.847436	10.89744	21	-0.218059	-8.052564	-7.834505	4.1	-2.268059	NA	NA	NA	NA	NA	NA	NA	NA	NA	NA	0.125707	0.0725	0.041875	0.11625	0.577586	NA	NA	NA	NA	NA	NA	NA	NA	-0.2109532	-0.03321921	0.00225641	0.00032448
sl	0.025	0.025	0.025	0.016807	11.97051	12.2251	8.388462	10.17949	19	-0.25459	-7.029487	-6.774897	3.582051	-2.045615	NA	NA	NA	NA	NA	NA	NA	NA	NA	NA	0.134464	0.0825	0.0425	0.1325	0.515152	NA	NA	NA	NA	NA	NA	NA	NA	0.1416394	0.2232758	0.00134344	0.00198923
sl	0.5	0.5	0.3125	0.105546	12.25513	16.69197	4.103846	8.179487	27	-4.436839	-14.74487	-10.30803	8.151282	-8.51248	7.1	10.14731	3.321053	5.210526	20	-3.047306	-12.9	-9.852694	3.778947	-4.93678	0.087038	0.03875	0.033125	0.05	0.854839	0.0255206	0.00863341	61.0684	24.4053	1.083846	0.01688719	0.9171942	36.6631	-0.2590987	-0.5741929	0.00192928	0.00576857
sl	0	0	-0.0125	0.016807	8.603846	12.9304	6.729487	7.666667	28	-4.326551	-19.39615	-15.0696	1.874359	-5.26373	NA	NA	NA	NA	NA	NA	NA	NA	NA	NA	0.080399	0.05375	0.03125	0.07625	0.581395	NA	NA	NA	NA	NA	NA	NA	NA	-0.3828244	-0.5541961	0.0053185	0.0086453
sl	0.075	0.075	0.075	0.051282	12.38846	14.34099	10.22692	11.30769	24	-1.952524	-11.61154	-9.659014	2.161538	-3.033293	0	0	0	0	0	0	0	0	0	0	0.114579	0.04875	0.03875	0.06375	0.794872	NA	NA	200	37.783	NA	NA	1.666458	162.217	-0.4495396	-0.4637168	0.0064938	0.0069874
sl	0.05	0.05	0.05	0.033898	11.09744	12.9304	9.517949	10.30769	21	-1.832961	-9.902564	-8.069603	1.579487	-2.622705	NA	NA	NA	NA	NA	NA	NA	NA	NA	NA	0.162851	0.05125	0.04125	0.06625	0.804878	NA	NA	200	29.6643	NA	NA	1.908373	170.3357	-0.3188207	-0.3548536	0.0039998	0.0044851
sl	0	0	-0.0125	0.016807	11.78077	13.63569	9.808974	10.79487	19	-1.854922	-7.219231	-5.364309	1.971795	-2.84082	NA	NA	NA	NA	NA	NA	NA	NA	NA	NA	0.146975	0.0475	0.0375	0.0625	0.789474	NA	NA	NA	NA	NA	NA	NA	NA	-0.08372942	-0.1534811	0.0010253	0.001965
sl	0.05	0.05	0.05	0.033898	6.54359	11.75491	4.635897	5.589744	23	-5.211317	-16.45641	-11.24509	1.907692	-6.165163	NA	NA	NA	NA	NA	NA	NA	NA	NA	NA	0.128818	0.0525	0.036875	0.07125	0.702381	NA	NA	142.5	30.1529	NA	NA	1.553061	112.3471	-0.3137552	-0.3444422	0.0046017	0.0051756
sl	0.025	0.025	0.025	0.016807	6.220513	11.99	3.112821	4.666667	22	-5.769492	-15.77949	-10.01	3.107692	-7.323338	NA	NA	NA	NA	NA	NA	NA	NA	NA	NA	0.087438	0.04125	0.035625	0.0525	0.863636	NA	NA	NA	NA	NA	NA	NA	NA	-0.3484734	-0.4206832	0.0067216	0.0084322
sl	0	0	-0.0125	0.016807	7.905128	13.16549	9.120513	8.512821	16	-5.260367	-8.094872	-2.834505	-1.215385	-4.652675	NA	NA	NA	NA	NA	NA	NA	NA	NA	NA	0.11904	0.0525	0.036875	0.07125	0.702381	NA	NA	NA	NA	NA	NA	NA	NA	-0.370698	-0.4863251	0.0056896	0.0080135
sl	0	0	-0.0125	0.016807	9.515385	12.9304	8.125641	8.820513	13	-3.415012	-3.484615	-0.069603	1.389744	-4.109884	NA	NA	NA	NA	NA	NA	NA	NA	NA	NA	0.132546	0.06	0.0375	0.09	0.625	NA	NA	NA	NA	NA	NA	NA	NA	-0.1433002	-0.1555919	0.0018391	0.002031
sl	0.05	0.05	0.05	0.033898	9.805128	13.63569	8.14359	8.974359	14	-3.830563	-4.194872	-0.364309	1.661538	-4.661332	NA	NA	NA	NA	NA	NA	NA	NA	NA	NA	0.125895	0.0575	0.035	0.08	0.608696	0.0436737	0.0142028	105	39.7447	1.123307	0.0294709	0.9714839	65.2553	-0.2760458	-0.3301081	0.0039406	0.0048485
sl	0	0	-0.025	0.033898	9.769231	14.81118	7.974359	8.871795	18	-5.041951	-8.230769	-3.188818	1.794872	-5.939387	NA	NA	NA	NA	NA	NA	NA	NA	NA	NA	0.115279	0.05	0.034375	0.06875	0.6875	NA	NA	NA	NA	NA	NA	NA	NA	-0.6073425	-0.487094	0.00793219	0.00601082
sl	0.225	0.225	0.1875	0.097222	9.820513	15.28138	11.61538	10.71795	19	-5.460865	-9.179487	-3.718622	-1.794872	-4.56343	2.833333	3.679369	2.916667	2.875	7	-0.846036	-4.166667	-3.320631	-0.083333	-0.804369	0.111464	0.0475	0.031875	0.06625	0.671053	0.0385744	0.0180218	83.7917	39.2	0.7610067	0.0205526	0.7596572	44.5917	-0.4320762	-0.3154789	0.0058678	0.0040833
sl	0.3	0.3	0.3	0.222222	13.02051	15.75157	15.69744	14.35897	16	-2.731062	-2.979487	-0.248426	-2.676923	-1.3926	4.060606	4.304811	8.30303	6.181818	3	-0.244205	1.060606	1.304811	-4.242424	1.877008	0.196274	0.045	0.029375	0.0575	0.652778	0.0438656	0.0107724	99.25	30.1296	1.404143	0.0330932	1.192134	69.1204	-0.8077383	-0.55268	0.00918251	0.00542432
sl	0	0	-0.0125	0.016807	15.25769	17.63236	24.79359	20.02564	18	-2.374667	-2.742308	-0.367641	-9.535897	2.393282	NA	NA	NA	NA	NA	NA	NA	NA	NA	NA	0.204709	0.04625	0.030625	0.05875	0.662162	NA	NA	NA	NA	NA	NA	NA	NA	-0.8852488	-0.6907139	0.0123593	0.00865606
sl	0.35	0.35	0.35	0.264151	14.60769	16.69197	22.82821	18.71795	18	-2.084275	-3.392308	-1.308033	-8.220513	2.025982	6.197802	6.603496	16.26374	11.23077	6	-0.405694	0.197802	0.603496	-10.06593	4.627273	0.23722	0.04875	0.033125	0.0675	0.679487	0.0349594	0.00910377	77.7473	25.5554	1.345499	0.02585563	1.112615	52.1919	-1.232491	-1.05751	0.0172071	0.01250105
sl	0.95	0.05	-0.05	0.033898	14.89103	18.10256	22.39103	18.64103	20	-3.21153	-5.108974	-1.897444	-7.5	0.53847	13.81792	14.51833	11.37127	12.59459	16	-0.700403	-2.182077	-1.481674	2.446657	-1.923732	0.192796	0.03625	0.030625	0.04375	0.844828	0.0108617	0.00832388	33.6245	26	0.2661143	0.00253782	0.2571584	7.6245	-0.4861203	-0.2655326	0.00588141	0.00279955
sl	0	0	-0.0125	0.016807	14.35513	18.10256	20.77308	17.5641	21	-3.747428	-6.644872	-2.897444	-6.417949	-0.538453	NA	NA	NA	NA	NA	NA	NA	NA	NA	NA	0.196592	0.03625	0.030625	0.04375	0.844828	NA	NA	NA	NA	NA	NA	NA	NA	-0.2836195	-0.08019344	0.004117	0.0010311
sl	0	0	-0.025	0.033898	13.72821	17.39726	20.5282	17.12821	20	-3.669056	-6.271795	-2.602739	-6.8	-0.269056	NA	NA	NA	NA	NA	NA	NA	NA	NA	NA	0.197356	0.0425	0.0325	0.0575	0.764706	NA	NA	NA	NA	NA	NA	NA	NA	-0.1002898	-0.1597261	0.0012437	0.0020688
sl	0.125	0.125	0.0875	0.029018	15.03462	17.39726	18.24744	16.64103	17	-2.362646	-1.965385	0.397261	-3.212821	-0.756236	6.4	6.24	9.1	7.75	5	0.16	1.4	1.24	-2.7	1.51	0.209744	0.06375	0.033125	0.09	0.519608	0.0419204	0.0150551	100.6	42.7286	1.024056	0.0268653	0.8562838	57.8714	-0.1913032	-0.3020025	0.00190027	0.0036623
sl	0	0	-0.3	0.127604	16.49872	17.86746	16.68077	16.58974	18	-1.36874	-1.501282	-0.132542	-0.182051	-1.277714	NA	NA	NA	NA	NA	NA	NA	NA	NA	NA	0.203896	0.06625	0.035625	0.0925	0.537736	NA	NA	NA	NA	NA	NA	NA	NA	0.3239393	0.1250576	0.00259448	0.00127834
sl	0.15	0.15	-0.225	0.055556	19.25	19.74824	18.13462	18.69231	17	-0.498243	2.25	2.748243	1.115385	-1.055935	8.133333	6.569343	7.066667	7.6	3	1.56399	5.133333	3.569343	1.066667	1.030657	0.205173	0.065	0.034375	0.09125	0.528846	0.0312478	0.0167494	61.5	47.5152	0.6235865	0.0144984	0.2579875	13.9848	0.2834393	0.1858226	0.00254218	0.00184597
sl	0	0	-0.1125	0.054054	19.78333	19.04295	18.62692	19.20513	13	0.740385	6.783333	6.042948	1.15641	0.16218	NA	NA	NA	NA	NA	NA	NA	NA	NA	NA	0.215108	0.0775	0.026875	0.11125	0.346774	NA	NA	NA	NA	NA	NA	NA	NA	0.3474724	0.04489421	0.00364715	0.0005666
sl	0.25	0.25	-0.4	0.14238	20.58846	19.27805	19.97564	20.28205	17	1.310415	3.588462	2.278046	0.612821	1.004005	13.15556	10.60457	14.84444	14	5	2.550983	8.155556	5.604573	-1.688889	3.395427	0.271762	0.06125	0.030625	0.0875	0.5	0.0238922	0.0204586	68.0444	61.2713	0.1551487	0.0034336	0.1048489	6.7731	0.1820399	0.07091722	0.00150904	0.00070814
sl	0	0	-0.0125	0.016807	23.02308	20.92373	24.25897	23.64103	17	2.099344	6.023077	3.923733	-1.235897	2.717292	NA	NA	NA	NA	NA	NA	NA	NA	NA	NA	0.283839	0.06	0.029375	0.08625	0.489583	NA	NA	NA	NA	NA	NA	NA	NA	0.3093303	0.1469651	0.00300522	0.0016694
sl	0.725	0.275	0.375	0.125313	22.6	21.86413	24.88718	23.74359	21	0.735874	1.6	0.864126	-2.287179	1.879464	11.05911	14.7689	27.15517	19.10714	16	-3.709788	-4.940887	-1.231099	-16.09606	4.338242	0.259102	0.0525	0.03	0.075	0.571429	0.0304146	0.0104172	74.3941	35.3182	1.071464	0.0199974	0.7449782	39.0759	0.4370391	0.1425151	0.00382803	0.00146314
sl	0.25	0.25	-0.225	0.053819	22.01667	21.62903	25.00897	23.51282	22	0.387639	0.016667	-0.370972	-2.992308	1.883793	22.46667	18.38126	21.75556	22.11111	9	4.085407	13.46667	9.38126	0.711111	3.729851	0.268117	0.0525	0.03	0.075	0.571429	0.0153135	0.0241123	53.6222	64.2989	-0.4539873	0.0087988	-0.1815794	10.6767	0.3798457	0.1357685	0.0027134	0.00118896
sl	0	0	-0.0125	0.016807	22.01667	21.62903	25.00897	23.51282	22	0.387639	0.016667	-0.370972	-2.992308	1.883793	NA	NA	NA	NA	NA	NA	NA	NA	NA	NA	0.268117	0.0525	0.03	0.075	0.571429	NA	NA	NA	NA	NA	NA	NA	NA	0.4186578	0.1383056	0.00297621	0.0012245
sl	0.125	0.125	-0.05	0.016675	18.95	19.74824	21.6141	20.28205	25	-0.798243	-6.05	-5.251757	-2.664103	0.533809	2.2	2.4	5.3	3.75	1	-0.2	1.2	1.4	-3.1	1.35	0.266206	0.0825	0.031875	0.1275	0.386364	0.0270421	0.0238346	72.45	54.3067	0.1262566	0.0032075	0.2882491	18.1433	0.4245586	0.3378097	0.00486937	0.00385673
sl	0.575	0.425	0.575	0.474227	10.56154	13.87079	16.10513	13.33333	17	-3.309251	-6.438462	-3.129211	-5.54359	-0.537456	2.055336	5.41886	15.39921	8.727273	8	-3.363524	-5.944664	-2.58114	-13.34387	3.308413	0.187635	0.13	0.024375	0.1625	0.1875	0.0493335	0.0151939	106.445	39.4743	1.177709	0.0341396	0.9919786	66.9707	0.5235552	0.5859879	0.00603648	0.00652506
sl	0.6	0.4	0.6	0.5	13.52692	15.28138	19.55	16.53846	11	-1.754455	2.526923	4.281378	-6.023077	1.257083	2.561594	2.945673	1.351449	1.956522	5	-0.384078	-2.438406	-2.054327	1.210145	-0.989151	0.235683	0.095	0.044375	0.15125	0.467105	0.0536127	0.0101209	114.83	30.3833	1.667183	0.0434918	1.32956	84.4467	0.3601332	0.3056704	0.0047428	0.0039947
sl	0.6	0.4	0.6	0.5	13.98333	16.22177	21.04231	17.51282	14	-2.238437	-0.016667	2.221771	-7.058974	1.29105	2.630435	2.945673	1.369565	2	5	-0.315238	-2.369565	-2.054327	1.26087	-0.945673	0.251339	0.0925	0.041875	0.14875	0.452703	0.0529883	0.00972626	110.045	27.9625	1.695242	0.04326204	1.370025	82.0825	0.2121083	0.1633447	0.0029216	0.0023037
sl	0.025	0.025	0.025	0.016807	14.49487	16.45687	21.60769	18.05128	14	-1.961997	0.494872	2.456869	-7.112821	1.594413	NA	NA	NA	NA	NA	NA	NA	NA	NA	NA	0.248107	0.0875	0.036875	0.1325	0.421429	NA	NA	NA	NA	NA	NA	NA	NA	0.2184662	0.1648752	0.0030191	0.0023668
sl	0	0	-0.0125	0.016807	12.46538	16.45687	21.43205	16.94872	24	-3.991484	-11.53462	-7.543131	-8.966667	0.491849	NA	NA	NA	NA	NA	NA	NA	NA	NA	NA	0.213595	0.06	0.044375	0.085	0.739583	NA	NA	NA	NA	NA	NA	NA	NA	0.1062138	-0.1049635	0.0013928	0.0015891
sl	0.025	0.025	0.025	0.016807	12.92564	15.98667	24.30513	18.61538	27	-3.061032	-14.07436	-11.01333	-11.37949	2.628712	NA	NA	NA	NA	NA	NA	NA	NA	NA	NA	0.210562	0.06	0.044375	0.085	0.739583	NA	NA	NA	NA	NA	NA	NA	NA	0.1927716	0.07530875	0.0022293	0.0009379
sl	0.025	0.025	0.025	0.016807	13.58205	17.39726	22.52051	18.05128	30	-3.81521	-16.41795	-12.60274	-8.938462	0.654021	NA	NA	NA	NA	NA	NA	NA	NA	NA	NA	0.193657	0.05625	0.040625	0.08125	0.722222	NA	NA	NA	NA	NA	NA	NA	NA	0.2081098	0.1106241	0.00221932	0.0012428
sl	0	0	-0.0125	0.016807	13.76667	17.63236	22.54103	18.15385	30	-3.865693	-16.23333	-12.36764	-8.774359	0.521487	NA	NA	NA	NA	NA	NA	NA	NA	NA	NA	0.191078	0.05625	0.040625	0.08125	0.722222	NA	NA	NA	NA	NA	NA	NA	NA	0.2233696	0.1700062	0.00240207	0.00185279
sl	0.025	0.025	0.025	0.016807	13.13974	18.10256	20.03974	16.58974	36	-4.962812	-22.86026	-17.89744	-6.9	-1.512812	NA	NA	NA	NA	NA	NA	NA	NA	NA	NA	0.165135	0.045	0.035	0.06	0.777778	NA	NA	NA	NA	NA	NA	NA	NA	0.2998263	0.3186072	0.00322648	0.00340964
sl	0	0	-0.0125	0.016807	12.25	16.92706	18.36538	15.30769	34	-4.677065	-21.75	-17.07294	-6.115385	-1.619373	NA	NA	NA	NA	NA	NA	NA	NA	NA	NA	0.162104	0.05	0.04	0.065	0.8	NA	NA	NA	NA	NA	NA	NA	NA	0.2781372	0.4065621	0.0030423	0.00442575
sl	0	0	-0.175	0.066038	12.52436	16.92706	23.0141	17.76923	29	-4.402706	-16.47564	-12.07293	-10.48974	0.842166	NA	NA	NA	NA	NA	NA	NA	NA	NA	NA	0.203945	0.06125	0.03875	0.09125	0.632653	NA	NA	NA	NA	NA	NA	NA	NA	0.2979913	0.1697046	0.00311872	0.0018821
sl	0.1	0.1	0.1	0.068966	9.858974	15.51648	15.3718	12.61538	29	-5.657502	-19.14103	-13.48352	-5.512821	-2.901092	2.5	2.727273	3.5	3	3	-0.227273	-0.5	-0.272727	-1	0.272727	0.16483	0.06125	0.030625	0.0875	0.5	0.0408985	0.0195358	98.75	49.104	0.7388447	0.0213627	0.6986509	49.646	0.3430889	0.3308498	0.00391606	0.00378945
sl	0.125	0.125	-0.1125	0.023438	9.905128	14.81118	16.65897	13.28205	28	-4.906054	-18.09487	-13.18882	-6.753846	-1.529131	7.2	7.68	13.3	10.25	6	-0.48	1.2	1.68	-6.1	2.57	0.173314	0.07	0.03	0.1	0.428571	0.0263431	0.0219747	63.65	54.2714	0.1813146	0.0043684	0.1594019	9.3786	0.3314174	0.4379091	0.0041093	0.00517643
sl	0.1	0.1	0.1	0.068966	11.92949	15.51648	19.50641	15.71795	24	-3.586989	-12.07051	-8.483524	-7.576923	0.201472	0	0	0	0	0	0	0	0	0	0	0.198038	0.075	0.035	0.115	0.466667	NA	NA	182.25	51.4579	NA	NA	1.264615	130.7921	0.05650352	0.08452792	0.0008164	0.0012541
sl	0	0	-0.0125	0.016807	15.42949	19.98334	29.64744	22.53846	30	-4.553854	-14.57051	-10.01666	-14.21795	2.555121	NA	NA	NA	NA	NA	NA	NA	NA	NA	NA	0.199731	0.05625	0.040625	0.08125	0.722222	NA	NA	NA	NA	NA	NA	NA	NA	0.1776821	-0.07567093	0.00184192	0.0009631
sl	0.05	0.05	0.05	0.033898	17.90641	21.39393	29.52949	23.71795	28	-3.487519	-10.09359	-6.60607	-11.62308	2.324019	NA	NA	NA	NA	NA	NA	NA	NA	NA	NA	0.264727	0.0675	0.036875	0.1025	0.546296	0.184735	0.0173736	198.5	55.1963	2.363971	0.1673614	1.279893	143.3037	0.05062322	0.1175552	0.0007314	0.0016126
sl	0.975	0.025	-0.025	0.016807	17.90641	21.39393	29.52949	23.71795	28	-3.487519	-10.09359	-6.60607	-11.62308	2.324019	16.83131	17.73929	16.11606	16.47368	19	-0.907986	-2.168691	-1.260705	0.71525	-1.265611	0.264727	0.0675	0.036875	0.1025	0.546296	NA	NA	NA	NA	NA	NA	NA	NA	0.0651693	0.1323762	0.0009485	0.0018297
sl	0.05	0.05	-0.2125	0.065442	17.50641	21.15883	29.41667	23.46154	28	-3.652421	-10.49359	-6.841169	-11.91026	2.302707	NA	NA	NA	NA	NA	NA	NA	NA	NA	NA	0.266885	0.0675	0.036875	0.1025	0.546296	0.0189042	0.0164797	70	51.3954	0.1372548	0.0024245	0.3089466	18.6046	0.2906385	0.264357	0.0034773	0.0031332
sl	0	0	-0.0125	0.016807	14.55897	19.27805	26.67179	20.61538	28	-4.719072	-13.44103	-8.721954	-12.11282	1.337338	NA	NA	NA	NA	NA	NA	NA	NA	NA	NA	0.250707	0.06125	0.030625	0.0875	0.5	NA	NA	NA	NA	NA	NA	NA	NA	0.2496569	0.2423389	0.00245926	0.00237809
sl	0	0	-0.0125	0.016807	16.2	15.98667	18.15897	17.17949	19	0.213327	-2.8	-3.013327	-1.958974	1.192815	NA	NA	NA	NA	NA	NA	NA	NA	NA	NA	0.190102	0.04375	0.028125	0.05625	0.642857	NA	NA	NA	NA	NA	NA	NA	NA	-0.05259668	-0.08162083	0.0006857	0.0009912
sl	0	0	-0.125	0.067273	20.00769	19.74824	14.8641	17.4359	35	0.25945	-14.99231	-15.25176	5.14359	-2.312345	NA	NA	NA	NA	NA	NA	NA	NA	NA	NA	0.21454	0.0375	0.031875	0.045	0.85	NA	NA	NA	NA	NA	NA	NA	NA	-0.05325091	0.1172286	0.000659	0.0012939
sl	0	0	-0.0125	0.016807	20.88077	19.74824	16.9141	18.89744	31	1.132527	-10.11923	-11.25176	3.966667	-0.850807	NA	NA	NA	NA	NA	NA	NA	NA	NA	NA	0.200188	0.04375	0.028125	0.05625	0.642857	NA	NA	NA	NA	NA	NA	NA	NA	-0.3345182	-0.2295141	0.00379299	0.00241078
